10 0.1 0.15234375 0.1796875 0.15859375
11 0.2890625 0.134375 0.17265625 0.1734375
12 0.4609375 0.1140625 0.1453125 0.16875
13 0.6375 0.1109375 0.1671875 0.1578125
14 0.8140625 0.09296875 0.1390625 0.16484375
15 0.090625 0.33828125 0.1359375 0.17421875
16 0.2859375 0.32109375 0.1703125 0.15859375
17 0.5046875 0.30546875 0.17578125 0.16484375
18 0.675 0.28203125 0.1015625 0.16171875
19 0.81953125 0.275 0.11171875 0.16328125
20 0.09765625 0.5203125 0.16796875 0.16953125
20 0.2609375 0.50703125 0.1328125 0.1703125
22 0.453125 0.49375 0.2109375 0.1671875
23 0.66015625 0.4734375 0.18046875 0.16328125
24 0.834375 0.45546875 0.153125 0.16484375
24 0.1 0.70390625 0.1640625 0.16015625
26 0.2984375 0.69921875 0.1828125 0.178125
27 0.48984375 0.67578125 0.1796875 0.16640625
28 0.6765625 0.65546875 0.14453125 0.165625
29 0.8453125 0.6375 0.1515625 0.16015625
30 0.09140625 0.91484375 0.16796875 0.159375
32 0.29921875 0.9 0.22734375 0.16015625
33 0.50703125 0.875 0.16171875 0.17265625
34 0.68125 0.86015625 0.14765625 0.1734375
35 0.85078125 0.8484375 0.14921875 0.17578125