33 0.12578125 0.584375 0.0421875 0.05078125
0 0.865625 0.71015625 0.03046875 0.05625
9 0.91640625 0.59609375 0.0453125 0.07890625
9 0.87421875 0.35625 0.04453125 0.06015625
9 0.40234375 0.715625 0.04453125 0.071875
32 0.06640625 0.58359375 0.0671875 0.053125
33 0.1265625 0.353125 0.04609375 0.04921875
33 0.6125 0.3546875 0.0421875 0.0515625
9 0.9265625 0.2796875 0.053125 0.07109375
32 0.059375 0.35234375 0.05546875 0.05
33 0.13359375 0.70859375 0.0453125 0.05234375
31 0.17890625 0.35390625 0.0421875 0.0484375
9 0.84921875 0.165625 0.03984375 0.0609375