13 0.03515625 0.2546875 0.0546875 0.071875
5 0.56171875 0.1 0.0515625 0.0875
10 0.06796875 0.1 0.0671875 0.0828125
0 0.18046875 0.10234375 0.05625 0.08125
2 0.33203125 0.1 0.0578125 0.08515625
10 0.03203125 0.3625 0.03984375 0.06875
13 0.72109375 0.0890625 0.0421875 0.05078125
14 0.128125 0.1 0.05390625 0.08046875
0 0.50546875 0.09921875 0.05390625 0.07890625
2 0.23671875 0.1 0.05390625 0.08125
10 0.05390625 0.84140625 0.0359375 0.040625
12 0.715625 0.18359375 0.0359375 0.05859375
13 0.48125 0.646875 0.0640625 0.07890625
15 0.05078125 0.76875 0.05 0.0796875
13 0.515625 0.93828125 0.0421875 0.06875
28 0.07109375 0.93046875 0.03671875 0.0453125
29 0.03515625 0.55 0.03515625 0.07265625
21 0.65703125 0.8140625 0.0328125 0.04921875