12 0.53046875 0.56953125 0.07265625 0.09921875
28 0.36328125 0.39375 0.0609375 0.10859375
7 0.64765625 0.740625 0.05546875 0.1015625
6 0.4046875 0.74609375 0.0625 0.09921875
27 0.2828125 0.39921875 0.075 0.10546875
13 0.6265625 0.5671875 0.08046875 0.109375
33 0.88828125 0.2359375 0.07734375 0.09921875
5 0.321875 0.74609375 0.06015625 0.103125
29 0.4484375 0.39921875 0.0703125 0.103125
22 0.2265625 0.23515625 0.10078125 0.11015625
30 0.546875 0.39921875 0.07734375 0.10546875
11 0.4296875 0.57109375 0.07578125 0.1078125
32 0.7625 0.23984375 0.10546875 0.103125
23 0.340625 0.23359375 0.07734375 0.11328125
21 0.90234375 0.74921875 0.07265625 0.11484375
34 0.096875 0.4 0.07265625 0.09921875
1 0.740625 0.3953125 0.05703125 0.10390625
17 0.10546875 0.56953125 0.0921875 0.1015625
20 0.89609375 0.5671875 0.0796875 0.11015625
2 0.56328125 0.75 0.06015625 0.09921875
14 0.734375 0.56796875 0.0734375 0.10546875
1 0.16875 0.75 0.04296875 0.09921875
12 0.65078125 0.3984375 0.07421875 0.1
10 0.334375 0.5671875 0.06953125 0.11171875
4 0.47890625 0.746875 0.05546875 0.1046875
3 0.24296875 0.7453125 0.05859375 0.10078125
22 0.22421875 0.57734375 0.1 0.10234375
35 0.1875 0.3984375 0.0734375 0.10390625
26 0.6484375 0.24921875 0.0828125 0.12890625
25 0.54375 0.23515625 0.0671875 0.1125
31 0.909375 0.4 0.06875 0.09921875
17 0.10703125 0.23359375 0.0921875 0.10703125
24 0.44453125 0.23671875 0.07421875 0.09375
9 0.8203125 0.3984375 0.06796875 0.09609375
8 0.7265625 0.7484375 0.06953125 0.10078125
18 0.81328125 0.57421875 0.04921875 0.10234375
0 0.0984375 0.746875 0.0703125 0.0953125
15 0.815625 0.74765625 0.0734375 0.09375