13 0.0453125 0.08671875 0.05 0.06953125
28 0.18125 0.8828125 0.04765625 0.0671875
10 0.0828125 0.88203125 0.05703125 0.0703125
4 0.41171875 0.88125 0.04140625 0.07265625
2 0.315625 0.8828125 0.0421875 0.065625
30 0.3625 0.7015625 0.034375 0.053125
22 0.32890625 0.0890625 0.06875 0.07109375
8 0.36484375 0.88203125 0.0390625 0.065625
14 0.13359375 0.884375 0.0421875 0.065625
16 0.046875 0.68515625 0.03359375 0.05078125
8 0.2671875 0.88125 0.04296875 0.06640625
10 0.06953125 0.26953125 0.0375 0.0453125
13 0.621875 0.28125 0.04140625 0.05078125
10 0.0703125 0.4390625 0.0390625 0.05234375
27 0.03828125 0.58671875 0.0375 0.0484375