30 0.46796875 0.4390625 0.071875 0.09375
3 0.2859375 0.59765625 0.0671875 0.09609375
13 0.38828125 0.75859375 0.071875 0.0953125
34 0.90859375 0.28046875 0.07890625 0.09609375
2 0.65234375 0.596875 0.0671875 0.0890625
31 0.57265625 0.44140625 0.0796875 0.0921875
22 0.178125 0.2875 0.090625 0.0953125
12 0.29765625 0.7578125 0.0734375 0.1
14 0.49140625 0.75625 0.0625 0.090625
29 0.3796875 0.43828125 0.07265625 0.0921875
7 0.74609375 0.5984375 0.0671875 0.08828125
27 0.2 0.4421875 0.071875 0.09296875
1 0.1953125 0.59921875 0.05234375 0.09140625
25 0.4859375 0.2890625 0.06484375 0.09609375
4 0.56015625 0.59765625 0.0671875 0.0890625
17 0.7625 0.7578125 0.071875 0.09296875
15 0.57265625 0.75625 0.06171875 0.08828125
0 0.10234375 0.6 0.06953125 0.0953125
35 0.10234375 0.4390625 0.07421875 0.090625