12 0.51484375 0.5671875 0.0640625 0.090625
28 0.1625 0.403125 0.04296875 0.096875
6 0.890625 0.4078125 0.04921875 0.08828125
30 0.31640625 0.4078125 0.06640625 0.08515625
33 0.696875 0.240625 0.0640625 0.08671875
27 0.09140625 0.4078125 0.059375 0.090625
15 0.7515625 0.5671875 0.0515625 0.08984375
4 0.08125 0.57265625 0.046875 0.08515625
13 0.59296875 0.56796875 0.065625 0.08828125
27 0.88515625 0.7265625 0.06640625 0.09140625
5 0.82421875 0.4140625 0.0453125 0.0828125
11 0.4359375 0.565625 0.05078125 0.08984375
17 0.09765625 0.7328125 0.07265625 0.08125
3 0.759375 0.41640625 0.04140625 0.08046875
7 0.215625 0.57421875 0.0421875 0.08828125
29 0.2328125 0.40390625 0.0578125 0.08671875
2 0.1484375 0.57265625 0.04375 0.08359375
14 0.67890625 0.56328125 0.053125 0.09296875
20 0.28671875 0.7296875 0.065625 0.090625
23 0.25078125 0.2390625 0.0734375 0.0984375
22 0.153125 0.2375 0.0828125 0.090625
32 0.60703125 0.24609375 0.0875 0.084375
35 0.86328125 0.23984375 0.0609375 0.0859375
23 0.5484375 0.72265625 0.07109375 0.0859375
8 0.28125 0.56953125 0.04375 0.08515625
34 0.78046875 0.24296875 0.0609375 0.084375
22 0.45078125 0.72265625 0.08359375 0.08203125
21 0.36015625 0.7296875 0.0546875 0.08828125
31 0.40078125 0.40625 0.0671875 0.08984375
25 0.421875 0.24296875 0.05 0.08828125
29 0.0765625 0.24375 0.03828125 0.08671875
1 0.69453125 0.409375 0.03671875 0.07421875
26 0.50703125 0.2484375 0.0703125 0.10234375
0 0.628125 0.41640625 0.04375 0.0796875
25 0.71796875 0.734375 0.05625 0.08828125
10 0.35546875 0.56640625 0.065625 0.08671875
24 0.340625 0.2453125 0.06640625 0.0890625
10 0.490625 0.4125 0.05390625 0.0921875
9 0.56015625 0.4171875 0.05546875 0.0828125
16 0.8296875 0.5671875 0.0703125 0.0828125
18 0.16640625 0.728125 0.04296875 0.0859375
19 0.21875 0.7359375 0.03515625 0.10078125
24 0.63515625 0.73046875 0.0765625 0.090625
24 0.8 0.73984375 0.08515625 0.10078125