5 0.171875 0.55546875 0.0546875 0.09453125
13 0.0921875 0.7265625 0.0671875 0.08828125
30 0.4375 0.39921875 0.0609375 0.09765625
4 0.34375 0.55625 0.05859375 0.08828125
15 0.2578125 0.7234375 0.05546875 0.0890625
33 0.74296875 0.2375 0.06015625 0.09765625
22 0.8390625 0.7265625 0.0796875 0.08984375
1 0.86640625 0.39765625 0.05703125 0.10546875
11 0.7734375 0.55546875 0.0578125 0.0953125
0 0.77890625 0.39921875 0.05703125 0.09609375
28 0.26484375 0.39765625 0.05625 0.10234375
6 0.26171875 0.5578125 0.06953125 0.090625
17 0.43671875 0.7296875 0.06484375 0.096875
3 0.0890625 0.55625 0.0578125 0.0890625
27 0.1796875 0.4046875 0.06171875 0.09375
23 0.26484375 0.24375 0.07421875 0.0890625
21 0.7484375 0.72734375 0.05390625 0.0984375
16 0.3421875 0.728125 0.065625 0.09375
22 0.1703125 0.24765625 0.07421875 0.0921875
10 0.684375 0.55859375 0.065625 0.08984375
20 0.6671875 0.72890625 0.05859375 0.09765625
9 0.6921875 0.4015625 0.0609375 0.09765625
14 0.17734375 0.728125 0.05703125 0.0921875
25 0.44921875 0.2453125 0.053125 0.09609375
34 0.8296875 0.240625 0.0671875 0.0953125
32 0.6484375 0.24296875 0.08359375 0.0921875
2 0.428125 0.55625 0.0578125 0.103125
35 0.08984375 0.3984375 0.06015625 0.09453125
10 0.60703125 0.39609375 0.06328125 0.10390625
26 0.54140625 0.2546875 0.06484375 0.109375
29 0.346875 0.39765625 0.05859375 0.09609375
31 0.525 0.40234375 0.0578125 0.0953125
7 0.515625 0.55703125 0.0546875 0.0984375
19 0.5828125 0.72109375 0.05 0.1
12 0.85859375 0.55625 0.059375 0.09765625
31 0.525 0.396875 0.06015625 0.09453125
8 0.60078125 0.55625 0.06171875 0.0890625
18 0.0796875 0.24375 0.06328125 0.1046875
24 0.3625 0.24375 0.07265625 0.0875
18 0.5171875 0.725 0.05078125 0.0921875