34 0.91640625 0.16171875 0.0765625 0.103125
3 0.26640625 0.57734375 0.06640625 0.1125
6 0.4625 0.58046875 0.06953125 0.121875
7 0.76171875 0.57734375 0.07109375 0.109375
5 0.36640625 0.58046875 0.0625 0.11328125
2 0.6609375 0.57265625 0.06875 0.10703125
29 0.3734375 0.3671875 0.0640625 0.10390625
14 0.4609375 0.7890625 0.05859375 0.096875
9 0.75390625 0.36015625 0.06953125 0.109375
16 0.64375 0.7984375 0.071875 0.11484375
0 0.38515625 0.1671875 0.07265625 0.11171875
30 0.46640625 0.3625 0.071875 0.109375
8 0.86015625 0.5765625 0.075 0.121875
15 0.54921875 0.78828125 0.075 0.11328125
17 0.28046875 0.16015625 0.06640625 0.10703125
17 0.16484375 0.1609375 0.08828125 0.109375
13 0.3609375 0.790625 0.06640625 0.109375
4 0.5625 0.57421875 0.06796875 0.10546875
28 0.27265625 0.3625 0.0671875 0.1125
25 0.49140625 0.1640625 0.08046875 0.10234375
26 0.590625 0.17890625 0.09140625 0.1265625
32 0.709375 0.16796875 0.1109375 0.0984375
33 0.8203125 0.16484375 0.0765625 0.1046875
34 0.915625 0.159375 0.0734375 0.11171875
35 0.07109375 0.36484375 0.07109375 0.1046875
27 0.17109375 0.3609375 0.08359375 0.10859375
27 0.56328125 0.359375 0.07421875 0.10703125
21 0.65546875 0.359375 0.07734375 0.11953125
20 0.85078125 0.359375 0.08671875 0.11171875
21 0.94765625 0.35625 0.06796875 0.11328125
0 0.07265625 0.57421875 0.06796875 0.1234375
1 0.165625 0.578125 0.07890625 0.11171875
10 0.07109375 0.78984375 0.07109375 0.1171875
11 0.1765625 0.79609375 0.0765625 0.109375
12 0.271875 0.79375 0.07890625 0.1046875
17 0.74609375 0.7921875 0.08359375 0.11640625
19 0.921875 0.790625 0.0734375 0.11953125
19 0.06484375 0.1609375 0.071875 0.125
18 0.84140625 0.79140625 0.05546875 0.11875