4 0.16640625 0.5625 0.05234375 0.08828125
5 0.9203125 0.3984375 0.05234375 0.090625
8 0.40234375 0.565625 0.0515625 0.08515625
7 0.32109375 0.56328125 0.05234375 0.0828125
2 0.24296875 0.5625 0.0515625 0.08359375
20 0.7578125 0.7265625 0.06796875 0.0859375
6 0.08984375 0.56328125 0.053125 0.0921875
9 0.60546875 0.40703125 0.0515625 0.0859375
30 0.33984375 0.4046875 0.0671875 0.08046875
0 0.6859375 0.40234375 0.05 0.0828125
34 0.85859375 0.23828125 0.06796875 0.0828125
31 0.43125 0.40625 0.075 0.0859375
3 0.47734375 0.5671875 0.0546875 0.08359375
12 0.57109375 0.56328125 0.07421875 0.08984375
13 0.19609375 0.73203125 0.06953125 0.08515625
3 0.8453125 0.39921875 0.05078125 0.0859375
27 0.0953125 0.3984375 0.0609375 0.0796875
22 0.1625 0.234375 0.08515625 0.0890625
23 0.2609375 0.2359375 0.07890625 0.08125
25 0.4546875 0.2359375 0.0609375 0.0859375
26 0.54609375 0.23828125 0.0890625 0.09765625
32 0.65859375 0.234375 0.1109375 0.0890625
33 0.7625 0.2390625 0.07421875 0.0875
35 0.940625 0.2375 0.06328125 0.078125
28 0.16875 0.3984375 0.0609375 0.08359375
29 0.25546875 0.4 0.0671875 0.08515625
10 0.52109375 0.403125 0.075 0.07890625
1 0.76171875 0.40078125 0.0671875 0.0875
15 0.6625 0.56640625 0.07109375 0.08828125
12 0.096875 0.73125 0.0734375 0.08984375
14 0.2890625 0.73046875 0.075 0.0875
15 0.37109375 0.73203125 0.06640625 0.084375
16 0.4609375 0.72578125 0.08515625 0.09140625
17 0.559375 0.73046875 0.07890625 0.09140625
19 0.6953125 0.7375 0.04140625 0.11484375
21 0.83984375 0.7296875 0.08046875 0.09296875
18 0.07734375 0.23125 0.0453125 0.0875
18 0.36171875 0.23828125 0.07734375 0.08515625
18 0.634375 0.73046875 0.0390625 0.09140625