0 0.6609375 0.8609375 0.0421875 0.07578125
0 0.29296875 0.8578125 0.03828125 0.075
0 0.365625 0.8625 0.040625 0.0828125
32 0.8265625 0.153125 0.08671875 0.0765625
0 0.73359375 0.86484375 0.04375 0.084375
9 0.32109375 0.7328125 0.05625 0.09453125
32 0.74609375 0.2875 0.08203125 0.07265625
32 0.40390625 0.5578125 0.07890625 0.0703125
18 0.13671875 0.1546875 0.05 0.0921875
18 0.1390625 0.278125 0.0421875 0.07734375
18 0.475 0.2796875 0.03046875 0.08671875
18 0.51796875 0.1578125 0.0328125 0.0859375
18 0.1390625 0.43125 0.0375 0.0890625
18 0.50703125 0.42265625 0.04375 0.08515625
18 0.140625 0.553125 0.03515625 0.08984375
18 0.46953125 0.5625 0.03046875 0.0765625
18 0.13671875 0.71875 0.03828125 0.071875
18 0.47109375 0.728125 0.02734375 0.0953125
18 0.140625 0.85625 0.03515625 0.084375
18 0.5109375 0.86640625 0.040625 0.09765625