7 0.61875 0.75078125 0.0546875 0.08359375
13 0.58125 0.58359375 0.07265625 0.10078125
5 0.2953125 0.75078125 0.053125 0.08984375
2 0.53828125 0.7484375 0.05703125 0.08828125
12 0.484375 0.58046875 0.06953125 0.08984375
0 0.4 0.24921875 0.07265625 0.08828125
6 0.371875 0.75078125 0.0578125 0.0875
16 0.5390625 0.41796875 0.071875 0.09140625
17 0.071875 0.58125 0.07421875 0.08515625
29 0.3296875 0.415625 0.0703125 0.0859375
0 0.0609375 0.74921875 0.06015625 0.08984375
4 0.45078125 0.74765625 0.05078125 0.084375
17 0.071875 0.24921875 0.07890625 0.08984375
22 0.1859375 0.25 0.09921875 0.096875
23 0.303125 0.25 0.0859375 0.09296875
25 0.49453125 0.25 0.07421875 0.0921875
26 0.5953125 0.26171875 0.0890625 0.11484375
32 0.7171875 0.2484375 0.12578125 0.0875
33 0.834375 0.2484375 0.090625 0.0953125
34 0.93203125 0.25234375 0.08671875 0.09609375
35 0.06171875 0.415625 0.078125 0.10390625
27 0.15546875 0.41484375 0.07734375 0.09609375
28 0.2515625 0.4140625 0.06953125 0.09453125
30 0.43828125 0.4125 0.08671875 0.0921875
19 0.62734375 0.41484375 0.05859375 0.09609375
9 0.7109375 0.4125 0.0703125 0.09609375
31 0.7984375 0.415625 0.07578125 0.0828125
22 0.184375 0.584375 0.10390625 0.09453125
10 0.2859375 0.58671875 0.07890625 0.08984375
11 0.3890625 0.5828125 0.0765625 0.09453125
14 0.68515625 0.58359375 0.07265625 0.09609375
8 0.70078125 0.74921875 0.07421875 0.103125
15 0.7859375 0.75 0.07578125 0.0921875
18 0.7671875 0.584375 0.0578125 0.0859375
20 0.85078125 0.5796875 0.08671875 0.08828125
21 0.88671875 0.74765625 0.08984375 0.09375
1 0.1390625 0.746875 0.0515625 0.0984375