17 0.66015625 0.70703125 0.06875 0.09765625
14 0.73125 0.5515625 0.05625 0.096875
11 0.175 0.703125 0.0578125 0.09140625
28 0.16640625 0.4265625 0.05625 0.09140625
30 0.3296875 0.4203125 0.065625 0.0875
27 0.09453125 0.4265625 0.0609375 0.08984375
15 0.50234375 0.703125 0.05625 0.09375
35 0.86953125 0.29453125 0.0640625 0.0921875
4 0.17109375 0.55390625 0.05703125 0.09375
15 0.80859375 0.5546875 0.053125 0.09296875
16 0.88671875 0.55390625 0.06328125 0.09609375
13 0.6515625 0.553125 0.0640625 0.09453125
10 0.09453125 0.7046875 0.07265625 0.1046875
12 0.56875 0.55625 0.0609375 0.09375
29 0.24375 0.42578125 0.0625 0.0921875
19 0.784375 0.70546875 0.04375 0.1
22 0.159375 0.2890625 0.07890625 0.09296875
10 0.4984375 0.4234375 0.0703125 0.096875
34 0.7890625 0.29140625 0.0640625 0.08828125
13 0.34140625 0.70390625 0.06484375 0.09375
23 0.2453125 0.2953125 0.0640625 0.09453125
9 0.57578125 0.42578125 0.05546875 0.09296875
33 0.7171875 0.2921875 0.06171875 0.0890625
20 0.86171875 0.703125 0.071875 0.10859375
16 0.5734375 0.70703125 0.0640625 0.090625
31 0.4078125 0.42421875 0.07109375 0.09296875
25 0.425 0.2984375 0.05546875 0.0921875
8 0.40390625 0.5578125 0.0546875 0.0890625
12 0.2578125 0.7 0.06171875 0.090625
1 0.73984375 0.41875 0.04375 0.09375
5 0.8953125 0.41875 0.0546875 0.09609375
2 0.246875 0.559375 0.05625 0.09375
14 0.42734375 0.7015625 0.05703125 0.09453125
7 0.32890625 0.55546875 0.05703125 0.09140625
0 0.65859375 0.425 0.05625 0.09453125
3 0.8125 0.42734375 0.05546875 0.08671875
6 0.0921875 0.5546875 0.05703125 0.09609375
32 0.62421875 0.2921875 0.0984375 0.0875
18 0.07265625 0.2953125 0.05625 0.0890625
24 0.33515625 0.290625 0.08046875 0.0859375
26 0.5140625 0.29765625 0.08203125 0.09296875
11 0.48515625 0.5546875 0.06796875 0.08828125
11 0.72890625 0.7015625 0.04296875 0.09453125