3 0.26328125 0.58359375 0.0671875 0.1078125
30 0.4640625 0.38203125 0.07421875 0.1015625
13 0.37890625 0.77578125 0.07421875 0.109375
22 0.14453125 0.2046875 0.09375 0.09921875
34 0.9328125 0.20234375 0.07734375 0.09921875
9 0.74140625 0.384375 0.0671875 0.10390625
1 0.16875 0.5796875 0.0515625 0.09921875
14 0.4796875 0.778125 0.06875 0.109375
32 0.715625 0.20859375 0.12265625 0.10078125
7 0.75703125 0.57890625 0.0671875 0.10234375
17 0.76484375 0.7703125 0.075 0.11015625
31 0.5640625 0.38046875 0.08515625 0.09921875
5 0.36015625 0.5828125 0.0671875 0.109375
29 0.36796875 0.38828125 0.07421875 0.0984375
6 0.4609375 0.58046875 0.06953125 0.11171875
12 0.28046875 0.77734375 0.07578125 0.1109375
27 0.175 0.38125 0.06875 0.10078125
2 0.65546875 0.578125 0.06875 0.10390625
15 0.5828125 0.7703125 0.0703125 0.1109375
16 0.66796875 0.778125 0.078125 0.1140625
26 0.596875 0.20625 0.09296875 0.11640625
33 0.8359375 0.20625 0.0796875 0.10390625
8 0.8578125 0.58046875 0.06953125 0.1078125
20 0.846875 0.3890625 0.07578125 0.10234375
25 0.478125 0.20703125 0.0640625 0.10234375
23 0.26328125 0.2078125 0.075 0.10234375
35 0.071875 0.38359375 0.075 0.096875
4 0.559375 0.578125 0.06640625 0.1
18 0.053125 0.2 0.0609375 0.121875
24 0.375 0.2046875 0.0921875 0.1125
28 0.26328125 0.38203125 0.07421875 0.11171875
19 0.6515625 0.3796875 0.0515625 0.11328125
21 0.934375 0.38515625 0.0734375 0.10546875
0 0.06953125 0.58125 0.08671875 0.11015625
10 0.0734375 0.77578125 0.0828125 0.1125
11 0.1796875 0.7734375 0.08828125 0.11328125
18 0.85859375 0.7765625 0.05859375 0.10703125