28 0.2875 0.4171875 0.05390625 0.10234375
23 0.2890625 0.26171875 0.05234375 0.09453125
29 0.3890625 0.4171875 0.0546875 0.0984375
1 0.0859375 0.5765625 0.04453125 0.09765625
8 0.7921875 0.57578125 0.0484375 0.09921875
14 0.49375 0.75703125 0.05859375 0.1015625
33 0.7890625 0.25546875 0.0546875 0.09296875
5 0.28671875 0.57265625 0.04453125 0.10078125
2 0.590625 0.575 0.0484375 0.10234375
0 0.8921875 0.4203125 0.04296875 0.0984375
6 0.38515625 0.575 0.04453125 0.096875
34 0.8921875 0.25625 0.053125 0.09921875
30 0.4875 0.41640625 0.0546875 0.1
27 0.18984375 0.4171875 0.05390625 0.09453125
11 0.1890625 0.76015625 0.05546875 0.1015625
4 0.49453125 0.5796875 0.05234375 0.08671875
35 0.0890625 0.41640625 0.05546875 0.09375
9 0.7921875 0.4125 0.0484375 0.09609375
31 0.58828125 0.4140625 0.0578125 0.103125
17 0.78984375 0.75703125 0.059375 0.096875
22 0.1890625 0.2609375 0.06328125 0.0953125
25 0.48515625 0.26015625 0.0546875 0.096875
32 0.6875 0.253125 0.0578125 0.09921875
7 0.69140625 0.57578125 0.0453125 0.096875
3 0.18984375 0.578125 0.04609375 0.09140625
13 0.38515625 0.7625 0.0546875 0.09296875
16 0.6890625 0.7640625 0.0578125 0.090625
10 0.0890625 0.7609375 0.06171875 0.0984375
15 0.5859375 0.75859375 0.05390625 0.09921875
12 0.28671875 0.74609375 0.0625 0.10234375
18 0.89296875 0.75390625 0.0421875 0.10546875
26 0.59140625 0.26171875 0.06796875 0.1109375
31 0.5890625 0.415625 0.0640625 0.08984375
10 0.68828125 0.42109375 0.06171875 0.0796875
12 0.290625 0.7578125 0.0578125 0.08515625
18 0.0875 0.25625 0.04765625 0.1046875
24 0.390625 0.2578125 0.06640625 0.09453125