33 0.196875 0.7796875 0.059375 0.09609375
33 0.23046875 0.425 0.07734375 0.10234375
34 0.26875 0.77890625 0.0609375 0.0921875
34 0.26796875 0.603125 0.05703125 0.1046875
35 0.42734375 0.26484375 0.06484375 0.0921875
33 0.23203125 0.27109375 0.0828125 0.09296875
32 0.11328125 0.26171875 0.1078125 0.103125
32 0.1 0.7796875 0.096875 0.09609375
34 0.32421875 0.2640625 0.075 0.0875
32 0.103125 0.4265625 0.11484375 0.1
35 0.340625 0.7796875 0.0609375 0.0921875
9 0.6953125 0.27734375 0.07734375 0.13203125
34 0.32578125 0.428125 0.0734375 0.1
35 0.4296875 0.425 0.07265625 0.103125
0 0.45390625 0.6015625 0.05703125 0.103125