12 0.2921875 0.746875 0.07109375 0.09765625
13 0.39140625 0.7515625 0.08125 0.10078125
22 0.178125 0.2578125 0.0921875 0.09921875
33 0.83828125 0.25234375 0.0765625 0.10078125
30 0.57578125 0.415625 0.0828125 0.0953125
11 0.19453125 0.74765625 0.07109375 0.09765625
5 0.334375 0.5703125 0.0578125 0.10390625
6 0.4140625 0.56796875 0.07421875 0.0953125
16 0.68828125 0.74921875 0.08359375 0.09765625
32 0.7203125 0.25078125 0.11328125 0.1
27 0.29140625 0.41640625 0.0703125 0.09765625
17 0.80625 0.746875 0.09453125 0.09296875
1 0.83984375 0.57265625 0.06015625 0.1015625
28 0.38359375 0.41484375 0.06484375 0.103125
7 0.6671875 0.571875 0.05625 0.1
35 0.1890625 0.4140625 0.07734375 0.0890625
10 0.0953125 0.74765625 0.07578125 0.0875
14 0.4953125 0.74921875 0.08984375 0.09609375
29 0.46953125 0.41484375 0.07265625 0.09765625
1 0.171875 0.5734375 0.046875 0.1046875
23 0.29140625 0.25390625 0.0796875 0.1046875
34 0.096875 0.4125 0.07265625 0.10234375
2 0.5828125 0.571875 0.06171875 0.11171875
8 0.7546875 0.56953125 0.0625 0.09609375
31 0.67109375 0.4125 0.06484375 0.0859375
15 0.5953125 0.7453125 0.0796875 0.096875
5 0.24765625 0.5734375 0.059375 0.10234375
1 0.50390625 0.571875 0.05703125 0.10625
18 0.08515625 0.25234375 0.04296875 0.10859375
24 0.396875 0.25546875 0.07734375 0.10234375
25 0.4984375 0.2515625 0.07421875 0.09375
26 0.5984375 0.26953125 0.0828125 0.1203125
10 0.76796875 0.4140625 0.07734375 0.08203125
9 0.85859375 0.4125 0.07109375 0.0921875
0 0.090625 0.57109375 0.078125 0.09609375
1 0.1765625 0.5703125 0.0515625 0.1015625
18 0.89609375 0.7484375 0.05859375 0.0953125