4 0.53125 0.584375 0.05390625 0.096875
13 0.3875 0.778125 0.06953125 0.0984375
29 0.47734375 0.38984375 0.05859375 0.10390625
30 0.56953125 0.39453125 0.06328125 0.096875
12 0.2890625 0.77578125 0.0734375 0.10078125
3 0.26171875 0.584375 0.053125 0.0921875
0 0.090625 0.58515625 0.0515625 0.09921875
6 0.44296875 0.58359375 0.053125 0.09921875
2 0.621875 0.58359375 0.0515625 0.1
9 0.8390625 0.3953125 0.05 0.09375
8 0.8015625 0.58671875 0.0484375 0.08984375
1 0.16875 0.58359375 0.03515625 0.0953125
1 0.865625 0.778125 0.03203125 0.10234375
10 0.0953125 0.77421875 0.0734375 0.10546875
34 0.09140625 0.3984375 0.065625 0.1
5 0.35390625 0.584375 0.05390625 0.096875
33 0.82578125 0.2 0.0703125 0.10234375
32 0.7125 0.20625 0.09765625 0.0921875
11 0.19453125 0.77578125 0.06171875 0.096875
21 0.090625 0.203125 0.053125 0.10234375
26 0.5984375 0.21015625 0.07265625 0.096875
28 0.38203125 0.39453125 0.0609375 0.10078125
15 0.5796875 0.775 0.05859375 0.0890625
35 0.1890625 0.39453125 0.0625 0.09609375
14 0.48671875 0.7734375 0.06640625 0.09375
7 0.71015625 0.58359375 0.05 0.08984375
27 0.28828125 0.4 0.06640625 0.09140625