6 0.0796875 0.7484375 0.05625 0.09609375
7 0.390625 0.74609375 0.04921875 0.0859375
3 0.3859375 0.5828125 0.05546875 0.08984375
4 0.18203125 0.75078125 0.0546875 0.0890625
0 0.39140625 0.25234375 0.04921875 0.084375
9 0.075 0.58125 0.05 0.08515625
0 0.184375 0.58515625 0.0484375 0.08359375
33 0.084375 0.4203125 0.05546875 0.08515625
8 0.49375 0.74765625 0.046875 0.08828125
21 0.8015625 0.2484375 0.0484375 0.08359375
34 0.18984375 0.4203125 0.0546875 0.08515625
5 0.48984375 0.5828125 0.053125 0.09140625
2 0.2859375 0.7484375 0.05234375 0.09140625
9 0.5953125 0.26015625 0.05 0.090625
1 0.2875 0.5796875 0.03359375 0.0796875
32 0.6984375 0.25 0.0546875 0.08046875
13 0.5953125 0.74921875 0.05234375 0.08359375
22 0.18203125 0.25 0.05390625 0.07890625
14 0.6984375 0.74765625 0.0484375 0.08125
8 0.696875 0.58203125 0.04453125 0.08203125
0 0.703125 0.415625 0.046875 0.08046875
15 0.8015625 0.7484375 0.053125 0.08046875
31 0.81015625 0.4203125 0.06171875 0.08359375
18 0.084375 0.2546875 0.06640625 0.0875
23 0.2875 0.253125 0.07265625 0.0859375
25 0.48984375 0.25078125 0.05859375 0.08671875
19 0.91171875 0.2546875 0.0609375 0.0875
35 0.2875 0.4140625 0.0546875 0.09453125
27 0.39140625 0.41640625 0.06796875 0.08515625
28 0.49765625 0.41796875 0.06796875 0.08984375
29 0.6 0.4171875 0.07265625 0.0828125
20 0.9046875 0.41484375 0.0578125 0.09609375
10 0.5953125 0.58125 0.05703125 0.0921875
12 0.8078125 0.58359375 0.06953125 0.08359375
16 0.9109375 0.584375 0.0625 0.0859375
17 0.903125 0.746875 0.065625 0.09140625