15 0.78828125 0.7515625 0.0484375 0.08671875
5 0.4859375 0.57265625 0.05 0.09375
4 0.184375 0.7515625 0.05546875 0.08984375
6 0.0859375 0.75234375 0.05390625 0.084375
33 0.08359375 0.4 0.05078125 0.0953125
28 0.4859375 0.40234375 0.0515625 0.09453125
30 0.68828125 0.4015625 0.05390625 0.09609375
21 0.78828125 0.22734375 0.05078125 0.09140625
3 0.38515625 0.57421875 0.0484375 0.0859375
7 0.3859375 0.7453125 0.04609375 0.096875
1 0.28515625 0.57734375 0.03515625 0.09140625
11 0.68828125 0.571875 0.05 0.08984375
2 0.28515625 0.74921875 0.04921875 0.09609375
8 0.48203125 0.74765625 0.0484375 0.084375
9 0.0765625 0.575 0.05 0.0890625
12 0.78984375 0.57421875 0.05234375 0.08828125
31 0.78828125 0.4046875 0.059375 0.09375
35 0.2875 0.403125 0.05234375 0.09140625
0 0.18203125 0.5765625 0.04921875 0.0921875
14 0.6890625 0.7515625 0.053125 0.0875
34 0.1859375 0.40390625 0.05625 0.09140625
27 0.38046875 0.4 0.05234375 0.0890625
23 0.28125 0.22890625 0.06015625 0.09453125
29 0.58984375 0.39921875 0.04921875 0.0890625
32 0.684375 0.228125 0.0578125 0.0890625
25 0.4828125 0.23125 0.053125 0.09140625
0 0.384375 0.23125 0.053125 0.08984375
19 0.89296875 0.22734375 0.0453125 0.08984375
10 0.58515625 0.57421875 0.05546875 0.09375
17 0.890625 0.75078125 0.05234375 0.08671875
33 0.8890625 0.4015625 0.053125 0.08125
18 0.08203125 0.2296875 0.0375 0.1
22 0.1828125 0.225 0.06953125 0.09609375
26 0.5875 0.2296875 0.07265625 0.0953125
26 0.8921875 0.57578125 0.0625 0.08671875
13 0.584375 0.7484375 0.0609375 0.0953125