12 0.51640625 0.571875 0.0640625 0.08671875
5 0.82890625 0.4234375 0.0390625 0.08515625
28 0.1640625 0.41484375 0.04296875 0.09375
33 0.70078125 0.24921875 0.06171875 0.08671875
15 0.75625 0.5734375 0.04765625 0.0890625
30 0.31875 0.415625 0.06640625 0.0859375
21 0.36171875 0.73671875 0.05390625 0.0890625
22 0.153125 0.25234375 0.08125 0.07734375
23 0.25078125 0.2546875 0.0671875 0.078125
29 0.23359375 0.4140625 0.05625 0.08671875
3 0.76328125 0.4234375 0.03984375 0.07890625
7 0.2171875 0.5828125 0.03984375 0.0859375
27 0.8890625 0.740625 0.05859375 0.0890625
2 0.15234375 0.58046875 0.04296875 0.0828125
35 0.86328125 0.2484375 0.06015625 0.09140625
32 0.6109375 0.253125 0.0875 0.08125
22 0.4515625 0.7328125 0.084375 0.07890625
6 0.89453125 0.4140625 0.04296875 0.084375
27 0.09375 0.4171875 0.0578125 0.0875
13 0.59765625 0.57578125 0.065625 0.0875
17 0.09140625 0.73359375 0.0703125 0.08671875
14 0.68359375 0.571875 0.0515625 0.0890625
11 0.43828125 0.57265625 0.05390625 0.0875
20 0.28671875 0.7359375 0.0671875 0.08984375
8 0.28671875 0.57734375 0.04375 0.084375
4 0.08515625 0.58203125 0.0421875 0.0859375
25 0.4234375 0.25 0.04921875 0.0859375
9 0.56484375 0.41953125 0.04765625 0.0859375
23 0.55234375 0.73515625 0.07265625 0.08828125
34 0.7765625 0.25546875 0.059375 0.084375
31 0.40234375 0.41484375 0.065625 0.0875
1 0.6984375 0.4203125 0.03359375 0.07578125
25 0.7234375 0.7390625 0.05078125 0.0890625
26 0.5109375 0.26328125 0.06875 0.10078125
30 0.22265625 0.73984375 0.03359375 0.09765625
0 0.6296875 0.421875 0.04140625 0.0796875
18 0.0796875 0.25 0.0328125 0.0921875
24 0.33984375 0.25 0.07109375 0.084375
10 0.48828125 0.41875 0.06171875 0.0796875
10 0.3578125 0.5796875 0.05703125 0.07578125
16 0.8296875 0.57734375 0.0828125 0.08359375
18 0.16953125 0.7359375 0.04921875 0.0953125
24 0.6375 0.7359375 0.07265625 0.08828125
26 0.8015625 0.74375 0.0765625 0.1046875