12 0.2828125 0.76953125 0.07890625 0.0953125
30 0.43984375 0.421875 0.0796875 0.09296875
15 0.56328125 0.76875 0.0625 0.10234375
17 0.75859375 0.76953125 0.071875 0.0984375
13 0.38828125 0.76953125 0.0765625 0.1046875
11 0.1828125 0.76953125 0.05859375 0.10234375
4 0.5109375 0.596875 0.0625 0.09765625
28 0.26875 0.41875 0.06484375 0.10703125
10 0.09453125 0.7734375 0.0734375 0.10234375
32 0.68359375 0.2609375 0.10546875 0.09609375
33 0.78828125 0.2609375 0.0625 0.1015625
16 0.65546875 0.76796875 0.078125 0.09921875
27 0.18203125 0.421875 0.065625 0.10546875
14 0.48046875 0.76796875 0.06328125 0.1
22 0.1609375 0.26328125 0.08515625 0.084375
23 0.26640625 0.2609375 0.075 0.0953125
7 0.6796875 0.59375 0.053125 0.10078125
5 0.33984375 0.59375 0.05859375 0.0953125
29 0.3484375 0.41875 0.0578125 0.103125
21 0.86015625 0.421875 0.0640625 0.096875
25 0.4671875 0.26171875 0.0609375 0.0953125
35 0.090625 0.41953125 0.065625 0.10234375
0 0.090625 0.59296875 0.0578125 0.0953125
1 0.17578125 0.5890625 0.046875 0.103125
34 0.87578125 0.25859375 0.05859375 0.09765625
6 0.4265625 0.59765625 0.05859375 0.09453125
10 0.62578125 0.425 0.071875 0.0984375
3 0.259375 0.5953125 0.059375 0.09296875
26 0.5671875 0.26953125 0.08046875 0.1171875
2 0.59609375 0.5953125 0.06015625 0.10234375
31 0.5359375 0.42265625 0.06796875 0.09296875
8 0.76328125 0.5953125 0.05546875 0.09609375
9 0.7078125 0.4203125 0.06953125 0.08984375
19 0.78125 0.4234375 0.0421875 0.09609375
20 0.8515625 0.59375 0.0765625 0.10078125
18 0.07734375 0.26171875 0.046875 0.10234375
24 0.3734375 0.25859375 0.0828125 0.09609375
18 0.8375 0.77109375 0.0421875 0.096875