12 0.2859375 0.71640625 0.06484375 0.09609375
17 0.76171875 0.7140625 0.07265625 0.096875
27 0.18671875 0.390625 0.06796875 0.1
4 0.54140625 0.55390625 0.05625 0.09296875
30 0.459375 0.384375 0.06953125 0.096875
35 0.08984375 0.38125 0.06328125 0.09609375
33 0.8046875 0.2359375 0.06640625 0.10234375
16 0.66484375 0.71640625 0.06640625 0.1015625
8 0.8078125 0.55390625 0.0546875 0.09140625
5 0.3578125 0.54921875 0.059375 0.0953125
13 0.3796875 0.71875 0.06953125 0.08984375
28 0.27265625 0.3890625 0.05546875 0.09921875
1 0.18359375 0.55390625 0.0515625 0.0953125
0 0.09140625 0.55234375 0.05703125 0.09140625
2 0.6265625 0.55234375 0.05625 0.1
15 0.56796875 0.71640625 0.06171875 0.0921875
32 0.69375 0.240625 0.10546875 0.09140625
3 0.27265625 0.54765625 0.0578125 0.096875
23 0.28359375 0.2359375 0.06953125 0.09296875
26 0.57734375 0.246875 0.07421875 0.1140625
10 0.09453125 0.71640625 0.071875 0.0953125
11 0.18828125 0.7109375 0.06328125 0.10078125
7 0.72109375 0.55234375 0.0546875 0.09609375
22 0.16796875 0.2375 0.09375 0.090625
34 0.89609375 0.23359375 0.06953125 0.10078125
6 0.44921875 0.55078125 0.06015625 0.090625
29 0.3671875 0.390625 0.065625 0.096875
14 0.4796875 0.71640625 0.065625 0.10234375
1 0.88359375 0.5625 0.0390625 0.11875
25 0.478125 0.23828125 0.06015625 0.096875
31 0.55859375 0.390625 0.07109375 0.09375
9 0.65 0.3875 0.05859375 0.0953125
20 0.7453125 0.38671875 0.0765625 0.0984375
21 0.83984375 0.3875 0.06796875 0.09296875
18 0.075 0.240625 0.0390625 0.0984375
24 0.3796875 0.23359375 0.07109375 0.09609375
18 0.84375 0.7140625 0.05 0.09453125