23 0.29375 0.246875 0.0609375 0.1
33 0.771875 0.2484375 0.06171875 0.0953125
30 0.44296875 0.409375 0.05703125 0.09609375
1 0.875 0.403125 0.05234375 0.1
29 0.35546875 0.41015625 0.05703125 0.096875
6 0.259375 0.56796875 0.05546875 0.10078125
21 0.759375 0.74375 0.05078125 0.10234375
8 0.60390625 0.5734375 0.05390625 0.09140625
5 0.17421875 0.57265625 0.053125 0.09609375
4 0.346875 0.56875 0.05546875 0.0953125
9 0.70390625 0.41484375 0.05859375 0.09765625
0 0.7875 0.41328125 0.05078125 0.09296875
34 0.8546875 0.24375 0.06484375 0.09609375
3 0.0890625 0.57109375 0.0546875 0.09453125
22 0.85234375 0.75 0.07734375 0.09921875
7 0.51875 0.57265625 0.05546875 0.0921875
12 0.87265625 0.571875 0.05703125 0.096875
32 0.671875 0.24609375 0.0859375 0.090625
0 0.09296875 0.75390625 0.05859375 0.09375
22 0.1921875 0.246875 0.07421875 0.09921875
28 0.26796875 0.4140625 0.05546875 0.09375
25 0.47265625 0.2515625 0.05546875 0.09453125
11 0.78359375 0.57265625 0.053125 0.0875
20 0.09375 0.24609375 0.06171875 0.1
4 0.61640625 0.41328125 0.059375 0.096875
10 0.68828125 0.56953125 0.0609375 0.09609375
2 0.43515625 0.57109375 0.0546875 0.096875
4 0.44140625 0.74765625 0.059375 0.0984375
27 0.17734375 0.41484375 0.05390625 0.08828125
29 0.5234375 0.746875 0.04453125 0.1015625