28 0.62734375 0.0984375 0.0453125 0.06953125
29 0.0703125 0.4453125 0.0109375 0.0484375
13 0.65 0.81328125 0.04453125 0.05546875
13 0.0578125 0.084375 0.04765625 0.07109375
2 0.11328125 0.521875 0.02265625 0.0390625
15 0.04453125 0.44375 0.03515625 0.053125
0 0.15390625 0.51796875 0.021875 0.03671875
18 0.03671875 0.9265625 0.02421875 0.0640625
22 0.0890625 0.7890625 0.05859375 0.06640625
13 0.065625 0.6359375 0.0390625 0.0515625
25 0.62890625 0.45 0.04140625 0.065625
30 0.6796875 0.63984375 0.05 0.059375
10 0.0453125 0.25 0.04140625 0.05078125
24 0.040625 0.325 0.0390625 0.04140625