13 0.0734375 0.5875 0.04765625 0.06640625
2 0.91328125 0.2515625 0.04609375 0.078125
22 0.33984375 0.1078125 0.0671875 0.071875
2 0.815625 0.24921875 0.04765625 0.06953125
13 0.059375 0.1078125 0.04765625 0.0703125
8 0.859375 0.59375 0.04140625 0.06796875
2 0.81484375 0.590625 0.0421875 0.0671875
8 0.765625 0.59296875 0.04375 0.06796875
28 0.6828125 0.59296875 0.0484375 0.0671875
10 0.5765625 0.59296875 0.06328125 0.078125
6 0.8671875 0.2515625 0.04140625 0.06875
10 0.06796875 0.9296875 0.0359375 0.0546875
4 0.90625 0.5921875 0.04296875 0.07109375
14 0.64453125 0.25234375 0.04375 0.06484375
2 0.7328125 0.2515625 0.04765625 0.0703125
0 0.68671875 0.25 0.03828125 0.06640625
28 0.046875 0.71953125 0.0421875 0.0546875
13 0.5203125 0.93984375 0.04453125 0.0546875
12 0.603125 0.7703125 0.04140625 0.053125
12 0.6984375 0.425 0.0328125 0.05078125
30 0.06015625 0.41328125 0.04375 0.0578125
10 0.05 0.26796875 0.0421875 0.04375