0 0.66171875 0.471875 0.03359375 0.065625
0 0.6890625 0.89765625 0.0375 0.0609375
0 0.6515625 0.2921875 0.03359375 0.0640625
0 0.65546875 0.09609375 0.03203125 0.065625
0 0.6875 0.6875 0.03828125 0.0625
10 0.265625 0.29375 0.0390625 0.06171875
10 0.27578125 0.475 0.0359375 0.06484375
25 0.05625 0.471875 0.05390625 0.08046875
8 0.34296875 0.678125 0.0359375 0.0703125
8 0.33828125 0.88828125 0.04296875 0.0734375
25 0.05625 0.09609375 0.0421875 0.08359375
25 0.04453125 0.2890625 0.0375 0.08203125
10 0.26875 0.1015625 0.0421875 0.06875
21 0.4765625 0.1015625 0.0515625 0.0765625
21 0.46953125 0.29375 0.03671875 0.07265625
21 0.4734375 0.475 0.0453125 0.0671875
22 0.0671875 0.67578125 0.0703125 0.075
22 0.05859375 0.890625 0.059375 0.0734375
22 0.81875 0.1 0.06796875 0.0671875
22 0.81796875 0.2890625 0.06484375 0.08203125
22 0.8203125 0.46796875 0.0515625 0.07734375