33 0.234375 0.2578125 0.071875 0.09375
33 0.2046875 0.75625 0.06015625 0.09921875
33 0.24453125 0.4390625 0.06953125 0.0875
32 0.13046875 0.59140625 0.11484375 0.090625
32 0.09609375 0.75078125 0.0703125 0.09453125
32 0.12109375 0.4375 0.1015625 0.08828125
32 0.121875 0.2515625 0.10546875 0.09375
9 0.75234375 0.44453125 0.08046875 0.109375
34 0.32109375 0.25625 0.06171875 0.0875
35 0.40703125 0.2546875 0.065625 0.090625
0 0.703125 0.759375 0.05625 0.1078125
0 0.60546875 0.75390625 0.05078125 0.0953125
34 0.2953125 0.74921875 0.06171875 0.09609375
0 0.55625 0.25546875 0.0765625 0.09296875
34 0.340625 0.43984375 0.0671875 0.0828125
9 0.66328125 0.26953125 0.07734375 0.1125
33 0.25078125 0.59296875 0.07265625 0.08359375
35 0.40390625 0.75703125 0.05625 0.0953125
35 0.44375 0.43671875 0.07109375 0.0953125
18 0.4734375 0.2578125 0.0328125 0.0984375
18 0.5390625 0.4375 0.05703125 0.09609375
18 0.525 0.59921875 0.04765625 0.10703125
18 0.50625 0.753125 0.03515625 0.1078125