13 0.46875 0.77890625 0.08125 0.1140625
30 0.67890625 0.45078125 0.0765625 0.09609375
29 0.57734375 0.45234375 0.06875 0.09765625
6 0.50078125 0.6140625 0.05703125 0.096875
11 0.271875 0.78125 0.071875 0.10859375
12 0.3703125 0.77890625 0.071875 0.1046875
35 0.3 0.45390625 0.07578125 0.09453125
5 0.41953125 0.61953125 0.05390625 0.10078125
33 0.8734375 0.284375 0.07578125 0.103125
21 0.09609375 0.2859375 0.07734375 0.11328125
5 0.3375 0.61640625 0.05703125 0.0984375
2 0.67265625 0.621875 0.05625 0.09609375
1 0.25546875 0.615625 0.0453125 0.10234375
1 0.91640625 0.6140625 0.04765625 0.09609375
32 0.74765625 0.28203125 0.1125 0.0984375
9 0.09375 0.62265625 0.06015625 0.1015625
34 0.20390625 0.453125 0.0703125 0.09609375
4 0.58515625 0.61640625 0.0546875 0.10078125
8 0.84453125 0.61875 0.0546875 0.08984375
28 0.4890625 0.45546875 0.06015625 0.1015625
26 0.63203125 0.30625 0.07890625 0.12265625
22 0.2140625 0.284375 0.09375 0.10078125
0 0.18046875 0.62109375 0.06328125 0.1015625