28 0.6046875 0.29140625 0.03671875 0.0671875
8 0.390625 0.10078125 0.04765625 0.1
28 0.0546875 0.9171875 0.03828125 0.065625
2 0.33515625 0.1 0.05390625 0.09921875
22 0.2453125 0.70234375 0.04921875 0.06015625
8 0.28515625 0.09609375 0.0515625 0.10234375
17 0.05234375 0.50078125 0.03828125 0.05859375
10 0.0640625 0.096875 0.06953125 0.11640625
13 0.0515625 0.70625 0.03359375 0.0578125
28 0.18671875 0.096875 0.0609375 0.1015625
4 0.4484375 0.0984375 0.05 0.10546875
30 0.46796875 0.89921875 0.03046875 0.05625
10 0.58515625 0.4375 0.03515625 0.0546875
24 0.7328125 0.29375 0.0390625 0.06015625
13 0.0640625 0.3796875 0.04453125 0.0578125