2 0.63125 0.40546875 0.0484375 0.07734375
27 0.19375 0.40703125 0.05625 0.084375
0 0.73828125 0.40546875 0.0484375 0.07734375
5 0.6671875 0.28203125 0.03125 0.05859375
13 0.08828125 0.54765625 0.04921875 0.059375
27 0.2828125 0.4046875 0.05546875 0.084375
12 0.75078125 0.13984375 0.03671875 0.0515625
0 0.65546875 0.91484375 0.0328125 0.0546875
30 0.1234375 0.403125 0.05546875 0.07734375
10 0.0546875 0.40234375 0.06328125 0.08515625
21 0.55234375 0.40859375 0.05 0.090625
15 0.11328125 0.2703125 0.0453125 0.071875
10 0.0703125 0.11875 0.05625 0.08125
5 0.33515625 0.4 0.046875 0.0796875
22 0.8265625 0.91640625 0.05859375 0.06484375
27 0.5703125 0.2859375 0.04296875 0.05625
3 0.68359375 0.40078125 0.0453125 0.075
10 0.059375 0.27265625 0.05859375 0.07265625
28 0.715625 0.73828125 0.04765625 0.06015625
11 0.48046875 0.5453125 0.0453125 0.05625
25 0.08828125 0.9171875 0.04609375 0.0625
10 0.2921875 0.91875 0.04375 0.05234375
21 0.484375 0.91640625 0.0453125 0.0609375
10 0.47734375 0.28671875 0.046875 0.0578125
17 0.83515625 0.38984375 0.04375 0.04296875