13 0.09296875 0.73671875 0.065625 0.08984375
15 0.26015625 0.73515625 0.0578125 0.09140625
30 0.43828125 0.403125 0.0609375 0.1015625
22 0.84375 0.73828125 0.0796875 0.10625
20 0.66796875 0.7390625 0.06328125 0.09609375
33 0.746875 0.24375 0.06171875 0.1
3 0.0890625 0.56328125 0.05859375 0.09453125
17 0.4375 0.7359375 0.06328125 0.10078125
4 0.34296875 0.559375 0.05625 0.1046875
28 0.26484375 0.403125 0.05703125 0.103125
11 0.7734375 0.56328125 0.05703125 0.10078125
14 0.178125 0.73671875 0.0578125 0.1
21 0.75234375 0.73203125 0.05078125 0.10234375
23 0.26796875 0.24609375 0.065625 0.0953125
22 0.16328125 0.24921875 0.07578125 0.09375
6 0.2578125 0.55859375 0.05703125 0.10546875
16 0.34140625 0.7359375 0.0640625 0.08984375
1 0.86640625 0.40625 0.0578125 0.109375
10 0.6125 0.4109375 0.0609375 0.0984375
2 0.42890625 0.55859375 0.0578125 0.10703125
0 0.7796875 0.40703125 0.05703125 0.0984375
25 0.45 0.25 0.0546875 0.1
27 0.17421875 0.40859375 0.0625 0.0984375
9 0.69375 0.40703125 0.06171875 0.09921875
29 0.346875 0.4015625 0.059375 0.09765625
7 0.51640625 0.56171875 0.0546875 0.10703125
10 0.6859375 0.56015625 0.06328125 0.1078125
35 0.090625 0.40234375 0.0625 0.1
32 0.65 0.2453125 0.08515625 0.096875
34 0.83046875 0.24453125 0.07109375 0.08828125
5 0.171875 0.56171875 0.05625 0.1
26 0.54375 0.26015625 0.07109375 0.1125
19 0.58359375 0.7375 0.04921875 0.10390625
31 0.52578125 0.4046875 0.059375 0.103125
12 0.86015625 0.56171875 0.059375 0.10234375
8 0.59453125 0.56328125 0.0578125 0.09921875
1 0.86484375 0.40625 0.07109375 0.09765625
18 0.08203125 0.24140625 0.04921875 0.09296875
24 0.36015625 0.24609375 0.06796875 0.0921875
18 0.51796875 0.7359375 0.05234375 0.10078125