27 0.26796875 0.3890625 0.06796875 0.10234375
33 0.83359375 0.196875 0.06484375 0.10546875
15 0.5515625 0.7984375 0.05390625 0.103125
12 0.2796875 0.80234375 0.07109375 0.1015625
29 0.43828125 0.38671875 0.0578125 0.10078125
17 0.74296875 0.8015625 0.0703125 0.10390625
13 0.3765625 0.8015625 0.075 0.10703125
30 0.534375 0.38984375 0.0671875 0.103125
28 0.35625 0.39140625 0.05625 0.10390625
32 0.72890625 0.19765625 0.1015625 0.096875
0 0.08671875 0.5921875 0.05859375 0.09921875
1 0.17421875 0.5890625 0.04453125 0.1015625
34 0.0890625 0.3875 0.0671875 0.103125
21 0.08515625 0.19765625 0.0609375 0.10546875
10 0.096875 0.80078125 0.08046875 0.10625
4 0.51171875 0.5921875 0.05703125 0.10546875
3 0.25703125 0.590625 0.0546875 0.10625
14 0.46796875 0.80390625 0.05546875 0.1078125
35 0.1796875 0.384375 0.06640625 0.10390625
16 0.63828125 0.8046875 0.0734375 0.08828125
8 0.76875 0.59296875 0.05390625 0.09921875
11 0.19140625 0.7984375 0.05625 0.10078125
22 0.18671875 0.19921875 0.09375 0.1015625
5 0.34453125 0.59453125 0.0625 0.09609375
7 0.68828125 0.59375 0.05859375 0.10390625
9 0.78046875 0.39296875 0.0546875 0.1
23 0.3 0.2 0.07578125 0.10859375
25 0.51171875 0.19921875 0.05703125 0.10390625
31 0.62421875 0.390625 0.07109375 0.10078125
1 0.70625 0.39140625 0.05 0.11328125
6 0.43203125 0.59140625 0.059375 0.103125
2 0.6 0.59140625 0.0546875 0.11328125
24 0.4109375 0.19609375 0.0828125 0.09609375
26 0.609375 0.203125 0.09140625 0.11171875
20 0.8578125 0.59296875 0.0765625 0.10234375
18 0.81796875 0.8015625 0.05234375 0.1140625