33 0.7640625 0.1671875 0.06640625 0.08984375
30 0.4578125 0.3640625 0.06015625 0.0875
2 0.33671875 0.5640625 0.05546875 0.0859375
6 0.17890625 0.565625 0.05390625 0.0953125
3 0.8703125 0.371875 0.0546875 0.09453125
4 0.259375 0.56328125 0.053125 0.0875
5 0.10546875 0.56328125 0.05234375 0.10625
0 0.71328125 0.3703125 0.05 0.08828125
8 0.49765625 0.565625 0.05234375 0.09140625
7 0.4171875 0.5625 0.0515625 0.08671875
9 0.63671875 0.36875 0.05 0.090625
1 0.78984375 0.36875 0.03671875 0.08515625
22 0.1640625 0.1671875 0.07578125 0.0828125
27 0.1953125 0.36953125 0.06796875 0.08984375
19 0.51953125 0.76171875 0.0421875 0.0875
23 0.26640625 0.17265625 0.06484375 0.0859375
32 0.6578125 0.1671875 0.08984375 0.0859375
17 0.38359375 0.75859375 0.07421875 0.08515625
29 0.371875 0.365625 0.07109375 0.0984375
15 0.1984375 0.76484375 0.059375 0.090625
16 0.28671875 0.76484375 0.07109375 0.0953125
9 0.553125 0.17265625 0.06953125 0.1015625
20 0.6078125 0.75625 0.0625 0.0921875
34 0.84921875 0.1703125 0.0640625 0.090625
11 0.66875 0.56484375 0.05546875 0.08828125
0 0.36328125 0.17265625 0.06875 0.08984375
21 0.6828125 0.76015625 0.05234375 0.08828125
18 0.084375 0.17421875 0.0484375 0.08671875
25 0.45234375 0.171875 0.07265625 0.0875
35 0.09765625 0.36875 0.0796875 0.08359375
28 0.28671875 0.37109375 0.06953125 0.1
31 0.54765625 0.36640625 0.075 0.08515625
10 0.57578125 0.565625 0.07578125 0.084375
12 0.75703125 0.56328125 0.07734375 0.09296875
13 0.8515625 0.5625 0.06875 0.0859375
14 0.10546875 0.76171875 0.07421875 0.09140625
15 0.19296875 0.75546875 0.065625 0.0828125
18 0.45078125 0.76484375 0.05 0.096875