4 0.53203125 0.57109375 0.0609375 0.1
29 0.359375 0.3921875 0.06015625 0.09921875
33 0.7765625 0.22734375 0.06640625 0.0984375
2 0.621875 0.57109375 0.06171875 0.0984375
0 0.09140625 0.5734375 0.059375 0.103125
17 0.69375 0.75859375 0.0640625 0.10078125
1 0.18046875 0.57109375 0.0578125 0.10078125
20 0.096875 0.2234375 0.071875 0.09765625
3 0.26953125 0.5703125 0.059375 0.096875
30 0.44453125 0.3921875 0.06484375 0.0984375
11 0.17734375 0.759375 0.0609375 0.0984375
5 0.353125 0.57421875 0.059375 0.10546875
34 0.8625 0.22265625 0.071875 0.09765625
28 0.271875 0.39375 0.0578125 0.09921875
27 0.17890625 0.390625 0.0640625 0.09453125
7 0.7046875 0.5734375 0.0609375 0.10078125
6 0.44375 0.57421875 0.0578125 0.1046875
16 0.60390625 0.7546875 0.06171875 0.1
8 0.79453125 0.57265625 0.06171875 0.096875
9 0.70703125 0.396875 0.0609375 0.103125
25 0.47890625 0.22890625 0.06015625 0.103125
35 0.08984375 0.39296875 0.065625 0.1
22 0.19765625 0.22734375 0.08125 0.10078125
5 0.440625 0.75625 0.05546875 0.10078125
32 0.67578125 0.23046875 0.0875 0.10625
4 0.09140625 0.75703125 0.06875 0.10625
23 0.29453125 0.22734375 0.07421875 0.08359375
26 0.57265625 0.23828125 0.08046875 0.11171875
31 0.53828125 0.3875 0.07421875 0.0921875
10 0.6234375 0.39609375 0.0703125 0.09609375
21 0.790625 0.3953125 0.07890625 0.0890625
19 0.871875 0.39453125 0.065625 0.09921875
12 0.26953125 0.759375 0.07421875 0.09140625
13 0.3546875 0.75703125 0.0703125 0.0875
15 0.51875 0.7546875 0.07265625 0.1078125
18 0.7796875 0.75546875 0.0734375 0.09609375
24 0.39140625 0.2265625 0.078125 0.0890625