30 0.484375 0.3859375 0.0625 0.08515625
4 0.265625 0.57578125 0.05625 0.084375
6 0.1859375 0.575 0.05625 0.0953125
17 0.40546875 0.7734375 0.06796875 0.0859375
3 0.928125 0.38203125 0.0578125 0.09140625
2 0.35078125 0.575 0.06015625 0.0859375
8 0.52578125 0.5765625 0.05546875 0.08984375
9 0.67578125 0.38515625 0.0515625 0.08984375
7 0.4390625 0.57578125 0.0546875 0.08359375
5 0.10234375 0.57734375 0.059375 0.10703125
20 0.6453125 0.76171875 0.0703125 0.090625
34 0.909375 0.19296875 0.07109375 0.0875
33 0.8125 0.1953125 0.071875 0.08671875
21 0.734375 0.76484375 0.05625 0.0890625
1 0.85078125 0.38203125 0.03984375 0.08125
9 0.91328125 0.578125 0.06796875 0.1
0 0.7640625 0.3859375 0.05234375 0.08984375
29 0.38984375 0.38515625 0.0609375 0.0828125
31 0.5859375 0.38203125 0.06875 0.0890625
22 0.17265625 0.19765625 0.07890625 0.0828125
15 0.2015625 0.7703125 0.06171875 0.0859375
19 0.54921875 0.76640625 0.046875 0.084375
32 0.703125 0.1984375 0.096875 0.08125
14 0.10625 0.7703125 0.0703125 0.096875
23 0.27578125 0.19609375 0.08671875 0.08359375
25 0.48359375 0.190625 0.07109375 0.090625
26 0.590625 0.1953125 0.0859375 0.09375
35 0.0984375 0.38203125 0.07890625 0.08671875
27 0.20078125 0.3875 0.08671875 0.0921875
28 0.2953125 0.3828125 0.0765625 0.09453125
10 0.61328125 0.57578125 0.08671875 0.08671875
11 0.7078125 0.575 0.0765625 0.0921875
12 0.81015625 0.57421875 0.08046875 0.08984375
16 0.29765625 0.76953125 0.09296875 0.0828125