15 0.36171875 0.22421875 0.17734375 0.12734375
16 0.6234375 0.2265625 0.2203125 0.134375
18 0.08203125 0.37109375 0.1125 0.14609375
19 0.32578125 0.36953125 0.1578125 0.12421875
20 0.61875 0.37578125 0.22265625 0.13671875
21 0.88125 0.365625 0.1671875 0.1359375
17 0.86328125 0.22109375 0.18671875 0.1296875
23 0.365625 0.5265625 0.2078125 0.12890625
24 0.60859375 0.52265625 0.23125 0.12890625
25 0.86484375 0.52421875 0.19765625 0.12890625
27 0.36640625 0.671875 0.209375 0.13671875
28 0.61875 0.66875 0.19375 0.1328125
31 0.3484375 0.81171875 0.22109375 0.13203125
32 0.60546875 0.8140625 0.2515625 0.1296875