36 0.27265625 0.60078125 0.046875 0.06328125
36 0.221875 0.48984375 0.04453125 0.0546875
36 0.56875 0.1234375 0.0296875 0.0515625
36 0.38828125 0.5953125 0.03828125 0.0515625
36 0.78125 0.134375 0.03125 0.0359375
36 0.88828125 0.48984375 0.046875 0.053125
36 0.3359375 0.5953125 0.03515625 0.05078125
36 0.1625 0.48984375 0.03671875 0.0515625
36 0.2125 0.5953125 0.0359375 0.05078125
36 0.45078125 0.4890625 0.04453125 0.053125
36 0.75859375 0.490625 0.0484375 0.053125
36 0.44140625 0.5921875 0.03515625 0.05078125
36 0.1046875 0.48984375 0.04140625 0.05234375
36 0.28359375 0.48984375 0.04296875 0.05234375
36 0.21796875 0.13125 0.034375 0.034375
36 0.2734375 0.71640625 0.03359375 0.05078125
36 0.49609375 0.5953125 0.04140625 0.05
36 0.71171875 0.12421875 0.03046875 0.05234375
36 0.6421875 0.13203125 0.03125 0.0359375
36 0.54609375 0.84375 0.0328125 0.0375
36 0.165625 0.24375 0.0296875 0.0515625
36 0.7375 0.5953125 0.040625 0.05
36 0.34296875 0.48984375 0.03359375 0.0515625
36 0.7265625 0.715625 0.03515625 0.0515625
36 0.515625 0.48984375 0.0390625 0.05078125
36 0.728125 0.253125 0.0296875 0.0359375
36 0.653125 0.8515625 0.0328125 0.053125
36 0.5703125 0.715625 0.034375 0.05
36 0.51796875 0.715625 0.034375 0.05
36 0.446875 0.37578125 0.03515625 0.03515625
36 0.5 0.134375 0.03125 0.03671875
36 0.2875 0.1359375 0.0296875 0.04609375
36 0.82421875 0.4890625 0.040625 0.0515625
36 0.5859375 0.25234375 0.02890625 0.03515625
36 0.61953125 0.5953125 0.0625 0.0515625
36 0.5546875 0.5953125 0.0453125 0.0515625
36 0.46328125 0.71484375 0.03203125 0.0453125
36 0.35625 0.13671875 0.03046875 0.046875
36 0.5984375 0.48984375 0.02109375 0.05
36 0.3953125 0.4890625 0.0328125 0.05
36 0.48984375 0.84453125 0.03515625 0.03671875
36 0.59921875 0.85234375 0.0359375 0.05390625
36 0.37734375 0.37578125 0.03203125 0.03515625
36 0.659375 0.25234375 0.03203125 0.034375
36 0.23671875 0.26015625 0.03515625 0.04609375
36 0.44765625 0.24453125 0.03046875 0.0515625
36 0.87109375 0.253125 0.0296875 0.03671875
36 0.3234375 0.71640625 0.0203125 0.046875
36 0.515625 0.375 0.0296875 0.034375
36 0.42890625 0.84453125 0.0515625 0.0375
36 0.684375 0.59453125 0.0390625 0.05234375
36 0.7890625 0.5921875 0.0359375 0.05
36 0.41328125 0.71640625 0.0328125 0.0515625
36 0.64921875 0.48984375 0.0359375 0.0515625
36 0.43046875 0.13125 0.0234375 0.034375
36 0.70234375 0.4890625 0.0328125 0.05078125
36 0.3609375 0.7171875 0.03359375 0.05078125
36 0.62109375 0.7171875 0.03515625 0.05
36 0.6734375 0.71640625 0.03359375 0.0515625
36 0.334375 0.84921875 0.015625 0.065625
36 0.8515625 0.1234375 0.0296875 0.0515625