36 0.4421875 0.23671875 0.02890625 0.05859375
36 0.734375 0.35859375 0.04375 0.0546875
36 0.303125 0.4671875 0.04453125 0.0578125
36 0.6546875 0.71015625 0.04609375 0.05703125
36 0.83984375 0.7125 0.04453125 0.05546875
36 0.16015625 0.7109375 0.04765625 0.0546875
36 0.37578125 0.35234375 0.0359375 0.040625
36 0.54296875 0.3546875 0.046875 0.0390625
36 0.51796875 0.5859375 0.0421875 0.05546875
36 0.48203125 0.465625 0.046875 0.05859375
36 0.1046875 0.2375 0.02109375 0.05703125
36 0.48203125 0.35390625 0.040625 0.0390625
36 0.60703125 0.2359375 0.021875 0.05546875
36 0.70703125 0.5859375 0.04375 0.05546875
36 0.7546875 0.2359375 0.01953125 0.05703125
36 0.1484375 0.3515625 0.0421875 0.03984375
36 0.42890625 0.3453125 0.0296875 0.05078125
36 0.2703125 0.3578125 0.04375 0.053125
36 0.328125 0.23671875 0.04375 0.05859375
36 0.8859375 0.24765625 0.040625 0.03984375
36 0.53203125 0.7109375 0.04921875 0.05625
36 0.28125 0.7109375 0.0453125 0.05625
36 0.1546875 0.24453125 0.040625 0.04140625
36 0.190625 0.5859375 0.046875 0.05546875
36 0.3890625 0.24765625 0.0421875 0.04140625
36 0.64921875 0.24375 0.02890625 0.07265625
36 0.71875 0.7109375 0.0453125 0.05390625
36 0.24296875 0.4671875 0.03984375 0.059375
36 0.675 0.35078125 0.040625 0.03984375
36 0.36875 0.46484375 0.0390625 0.05625
36 0.57734375 0.5859375 0.040625 0.053125
36 0.425 0.46484375 0.03671875 0.0546875
36 0.45546875 0.5859375 0.0484375 0.0546875
36 0.2609375 0.58515625 0.04765625 0.05625
36 0.6109375 0.3546875 0.0625 0.0390625
36 0.71875 0.465625 0.0484375 0.05546875
36 0.80546875 0.24765625 0.046875 0.0375
36 0.27265625 0.24765625 0.03515625 0.040625
36 0.775 0.5859375 0.06171875 0.05625
36 0.55390625 0.2375 0.0421875 0.05703125
36 0.328125 0.353125 0.03203125 0.0390625
36 0.60703125 0.46640625 0.03203125 0.05859375
36 0.59296875 0.7125 0.04296875 0.059375
36 0.21484375 0.23671875 0.0421875 0.05703125
36 0.209375 0.3578125 0.0421875 0.0546875
36 0.55234375 0.465625 0.0515625 0.05390625
36 0.82265625 0.24765625 0.04296875 0.03984375
36 0.390625 0.596875 0.05078125 0.075
36 0.659375 0.46640625 0.03515625 0.059375
36 0.32578125 0.58671875 0.0421875 0.05546875
36 0.403125 0.71171875 0.04453125 0.05625
36 0.49375 0.25234375 0.0453125 0.05390625
36 0.8421875 0.5859375 0.04921875 0.05625
36 0.778125 0.46640625 0.03828125 0.059375
36 0.64453125 0.58984375 0.0484375 0.059375
36 0.84375 0.46640625 0.05859375 0.05546875
36 0.70625 0.2359375 0.0453125 0.0578125
36 0.7921875 0.35234375 0.03671875 0.03984375
36 0.2203125 0.7109375 0.04453125 0.05546875
36 0.85078125 0.34609375 0.046875 0.05546875
36 0.55859375 0.4671875 0.021875 0.05390625
36 0.54140625 0.4671875 0.02734375 0.053125