36 0.584375 0.48984375 0.059375 0.06171875
36 0.28125 0.2546875 0.03828125 0.0453125
36 0.76328125 0.25546875 0.0359375 0.04375
36 0.30859375 0.38359375 0.04140625 0.06484375
36 0.653125 0.61015625 0.0546875 0.06171875
36 0.26484375 0.61015625 0.04921875 0.0609375
36 0.34375 0.1234375 0.03828125 0.0609375
36 0.84453125 0.73125 0.0421875 0.0640625
36 0.640625 0.73046875 0.04140625 0.065625
36 0.68125 0.2546875 0.06328125 0.04453125
36 0.41953125 0.134375 0.04296875 0.04609375
36 0.34453125 0.2640625 0.040625 0.06328125
36 0.6765625 0.36953125 0.0515625 0.0609375
36 0.709375 0.73046875 0.04296875 0.0625
36 0.5953125 0.3671875 0.0546875 0.06796875
36 0.41875 0.24453125 0.03671875 0.06171875
36 0.44140625 0.48984375 0.0546875 0.06328125
36 0.534375 0.13125 0.03515625 0.04375
36 0.7609375 0.48984375 0.06015625 0.06328125
36 0.440625 0.36875 0.053125 0.065625
36 0.49921875 0.73046875 0.0390625 0.0640625
36 0.678125 0.4890625 0.06015625 0.0609375
36 0.246875 0.48828125 0.05 0.06171875
36 0.1484375 0.134375 0.03984375 0.046875
36 0.853125 0.13203125 0.03828125 0.0484375
36 0.57109375 0.609375 0.05703125 0.0640625
36 0.4125 0.61015625 0.05078125 0.06171875
36 0.665625 0.1390625 0.05 0.065625
36 0.17890625 0.6109375 0.0625 0.0640625
36 0.84140625 0.490625 0.0484375 0.06015625
36 0.7359375 0.14296875 0.03828125 0.06484375
36 0.565625 0.24375 0.0359375 0.06328125
36 0.16328125 0.49296875 0.05859375 0.07109375
36 0.2921875 0.73046875 0.0265625 0.0625
36 0.17265625 0.37578125 0.06171875 0.04609375
36 0.7578125 0.36796875 0.04921875 0.06171875
36 0.2453125 0.3765625 0.040625 0.046875
36 0.365625 0.73125 0.04375 0.06484375
36 0.21640625 0.12421875 0.040625 0.0625
36 0.1578125 0.2453125 0.0234375 0.0609375
36 0.5125 0.365625 0.046875 0.0609375
36 0.34140625 0.61171875 0.046875 0.06953125
36 0.375 0.3765625 0.03984375 0.046875
36 0.15625 0.73125 0.05078125 0.06484375
36 0.678125 0.609375 0.04296875 0.0625
36 0.79375 0.1328125 0.03359375 0.05
36 0.74921875 0.61015625 0.05390625 0.0640625
36 0.2265625 0.73046875 0.0421875 0.06484375
36 0.8265625 0.609375 0.05546875 0.06328125
36 0.284375 0.13203125 0.03828125 0.04765625
36 0.4765625 0.12265625 0.034375 0.06484375
36 0.59921875 0.1296875 0.04609375 0.05234375
36 0.6140625 0.24453125 0.02734375 0.07109375
36 0.83203125 0.2515625 0.046875 0.0546875
36 0.21328125 0.25390625 0.04765625 0.05078125
36 0.46953125 0.24609375 0.0265625 0.07109375
36 0.51015625 0.25546875 0.0328125 0.0875
36 0.83203125 0.3671875 0.04921875 0.06875
36 0.3125 0.48828125 0.03359375 0.06796875
36 0.36640625 0.4890625 0.040625 0.06953125
36 0.5109375 0.4890625 0.0515625 0.06640625