36 0.690625 0.61015625 0.0390625 0.05390625
36 0.578125 0.12109375 0.0328125 0.05546875
36 0.8078125 0.609375 0.03828125 0.05390625
36 0.43046875 0.609375 0.04375 0.05390625
36 0.603125 0.25 0.03203125 0.03984375
36 0.38671875 0.26015625 0.034375 0.05546875
36 0.42578125 0.48984375 0.03828125 0.05234375
36 0.33125 0.24140625 0.03125 0.0546875
36 0.36953125 0.1359375 0.03359375 0.05625
36 0.35390625 0.60859375 0.05234375 0.0546875
36 0.42578125 0.1390625 0.03515625 0.05703125
36 0.43671875 0.371875 0.03359375 0.040625
36 0.4609375 0.85 0.03515625 0.053125
36 0.29921875 0.128125 0.05390625 0.03984375
36 0.746875 0.85 0.03515625 0.0546875
36 0.6890625 0.12265625 0.0328125 0.05703125
36 0.49296875 0.73046875 0.06328125 0.053125
36 0.521875 0.13203125 0.0328125 0.04140625
36 0.60234375 0.48828125 0.04140625 0.05390625
36 0.5609375 0.61015625 0.03671875 0.053125
36 0.23515625 0.48828125 0.04296875 0.0546875
36 0.23125 0.609375 0.03671875 0.05390625
36 0.496875 0.61015625 0.04453125 0.05546875
36 0.49609375 0.37265625 0.05234375 0.03984375
36 0.74765625 0.609375 0.0390625 0.05546875
36 0.421875 0.7296875 0.04375 0.0546875
36 0.5609375 0.7296875 0.04296875 0.05546875
36 0.71328125 0.253125 0.03203125 0.040625
36 0.62421875 0.6109375 0.04609375 0.0578125
36 0.5125 0.24296875 0.03359375 0.05703125
36 0.621875 0.72890625 0.04453125 0.053125
36 0.61015625 0.38046875 0.034375 0.05859375
36 0.66875 0.48828125 0.0375 0.0546875
36 0.746875 0.13125 0.03515625 0.04140625
36 0.2828125 0.2421875 0.02265625 0.05625
36 0.54375 0.4890625 0.03359375 0.05234375
36 0.2984375 0.48984375 0.03671875 0.05234375
36 0.5765625 0.84921875 0.03359375 0.0578125
36 0.63359375 0.85 0.03671875 0.053125
36 0.6796875 0.7296875 0.0390625 0.05625
36 0.3328125 0.365625 0.02109375 0.04765625
36 0.65859375 0.25078125 0.03515625 0.040625
36 0.30390625 0.84921875 0.021875 0.0546875
36 0.35859375 0.4890625 0.0421875 0.05625
36 0.6625 0.37421875 0.0328125 0.04140625
36 0.48828125 0.48984375 0.03515625 0.05234375
36 0.478125 0.128125 0.02265625 0.03828125
36 0.5578125 0.37421875 0.0328125 0.040625
36 0.72109375 0.4875 0.0125 0.053125
36 0.28984375 0.61015625 0.034375 0.053125
36 0.38203125 0.37421875 0.03359375 0.03984375
36 0.4640625 0.25 0.0140625 0.06953125
36 0.4328125 0.24609375 0.01171875 0.0515625
36 0.55625 0.24140625 0.0109375 0.05390625
36 0.2421875 0.12109375 0.0125 0.05390625