36 0.5 0.34140625 0.03359375 0.04765625
36 0.43125 0.209375 0.0328125 0.0546875
36 0.553125 0.69609375 0.0328125 0.05625
36 0.34140625 0.69140625 0.0328125 0.05703125
36 0.46171875 0.815625 0.02734375 0.05625
36 0.51640625 0.57109375 0.03359375 0.05546875
36 0.64296875 0.45078125 0.03359375 0.05390625
36 0.62109375 0.5703125 0.0296875 0.05546875
36 0.35625 0.21484375 0.03046875 0.0390625
36 0.72890625 0.6953125 0.03203125 0.05625
36 0.621875 0.69609375 0.03046875 0.0578125
36 0.14921875 0.4578125 0.03046875 0.03671875
36 0.35703125 0.33671875 0.034375 0.03671875
36 0.48359375 0.6953125 0.03125 0.05546875
36 0.8515625 0.3375 0.03203125 0.03828125
36 0.37578125 0.57109375 0.034375 0.05703125
36 0.67734375 0.8171875 0.03046875 0.0546875
36 0.14765625 0.209375 0.02890625 0.0546875
36 0.43203125 0.45 0.02734375 0.0546875
36 0.234375 0.57109375 0.02421875 0.05703125
36 0.19921875 0.6953125 0.03359375 0.05625
36 0.21875 0.21796875 0.03125 0.03984375
36 0.78125 0.45 0.03046875 0.05546875
36 0.6953125 0.57109375 0.034375 0.0546875
36 0.56953125 0.3421875 0.034375 0.04765625
36 0.64296875 0.209375 0.03125 0.05546875
36 0.56875 0.209375 0.015625 0.05234375
36 0.5703125 0.45 0.03515625 0.05546875
36 0.35625 0.46328125 0.03125 0.0484375
36 0.32578125 0.81640625 0.03046875 0.06015625