36 0.86484375 0.75 0.03984375 0.05625
36 0.53984375 0.628125 0.04296875 0.059375
36 0.60234375 0.4078125 0.03984375 0.0421875
36 0.38046875 0.2890625 0.0359375 0.04296875
36 0.7453125 0.2953125 0.040625 0.05859375
36 0.29453125 0.41796875 0.03984375 0.06015625
36 0.68125 0.753125 0.03984375 0.05703125
36 0.5953125 0.521875 0.04765625 0.05625
36 0.19453125 0.28125 0.0390625 0.05859375
36 0.39921875 0.41171875 0.034375 0.04375
36 0.13125 0.2875 0.0359375 0.04296875
36 0.471875 0.62734375 0.04296875 0.05625
36 0.8078125 0.29296875 0.046875 0.0671875
36 0.86796875 0.2796875 0.03203125 0.0546875
36 0.32578125 0.521875 0.04765625 0.05546875
36 0.66796875 0.4109375 0.06015625 0.04140625
36 0.51953125 0.521875 0.0546875 0.05703125
36 0.49921875 0.7515625 0.046875 0.0640625
36 0.559375 0.7515625 0.0390625 0.05546875
36 0.11484375 0.52265625 0.04453125 0.05703125
36 0.60078125 0.62734375 0.04765625 0.05703125
36 0.78515625 0.41796875 0.03984375 0.05859375
36 0.31875 0.28125 0.0375 0.05859375
36 0.7296875 0.6265625 0.04921875 0.06015625
36 0.45546875 0.52109375 0.03359375 0.05546875
36 0.803125 0.628125 0.06796875 0.0578125
36 0.54921875 0.28671875 0.059375 0.0421875
36 0.62265625 0.28671875 0.03359375 0.0421875
36 0.3328125 0.6265625 0.03828125 0.0546875
36 0.26171875 0.6296875 0.05546875 0.06015625
36 0.73125 0.40859375 0.034375 0.040625
36 0.2546875 0.28828125 0.03671875 0.04296875
36 0.440625 0.28046875 0.034375 0.05703125
36 0.1375 0.7484375 0.04453125 0.05859375
36 0.39296875 0.52109375 0.0359375 0.05625
36 0.75078125 0.521875 0.04140625 0.0578125
36 0.45 0.40390625 0.025 0.05078125
36 0.50078125 0.4109375 0.0390625 0.04375
36 0.19765625 0.7484375 0.0484375 0.05859375
36 0.55546875 0.40078125 0.02578125 0.05625
36 0.184375 0.628125 0.0484375 0.05625
36 0.87734375 0.52265625 0.05546875 0.0578125
36 0.7421875 0.75 0.04296875 0.05390625
36 0.1875 0.41171875 0.03359375 0.078125
36 0.2375 0.39921875 0.03515625 0.0578125
36 0.25 0.521875 0.0546875 0.05859375
36 0.8390625 0.40859375 0.0328125 0.04140625
36 0.35 0.4078125 0.02421875 0.040625
36 0.26015625 0.74921875 0.04296875 0.05625
36 0.69375 0.52421875 0.02265625 0.0578125
36 0.821875 0.62734375 0.0484375 0.05703125
36 0.15390625 0.39921875 0.01484375 0.05625
36 0.31875 0.7515625 0.03828125 0.06015625
36 0.37734375 0.75 0.0234375 0.05390625
36 0.48671875 0.28046875 0.01796875 0.05703125
36 0.621875 0.7515625 0.03671875 0.05703125
36 0.40078125 0.634375 0.05625 0.0703125
36 0.68515625 0.2890625 0.04140625 0.04296875
36 0.6515625 0.521875 0.01328125 0.05703125
36 0.178125 0.525 0.05390625 0.06796875
36 0.66171875 0.62890625 0.06015625 0.0640625
36 0.4390625 0.75078125 0.0484375 0.065625
36 0.803125 0.7515625 0.05234375 0.06171875