36 0.49140625 0.1984375 0.04140625 0.06171875
36 0.55 0.30234375 0.03671875 0.059375
36 0.48984375 0.31015625 0.03359375 0.04375
36 0.50078125 0.78828125 0.034375 0.0609375
36 0.7265625 0.3109375 0.03359375 0.04375
36 0.82890625 0.54765625 0.04609375 0.06015625
36 0.8140625 0.7890625 0.0390625 0.06484375
36 0.55546875 0.20078125 0.040625 0.06171875
36 0.43203125 0.1921875 0.0375 0.0421875
36 0.26875 0.31015625 0.02734375 0.04375
36 0.36953125 0.1890625 0.04140625 0.04296875
36 0.33671875 0.66875 0.0375 0.06328125
36 0.2546875 0.54765625 0.06328125 0.06015625
36 0.60703125 0.3109375 0.03359375 0.04296875
36 0.759375 0.54765625 0.05859375 0.0625
36 0.60234375 0.4265625 0.0546875 0.06171875
36 0.43046875 0.3140625 0.0390625 0.04140625
36 0.6765625 0.5484375 0.06484375 0.06015625
36 0.6265625 0.19296875 0.0578125 0.04296875
36 0.45546875 0.42734375 0.05234375 0.0609375
36 0.67734375 0.428125 0.0609375 0.05859375
36 0.66796875 0.3015625 0.0390625 0.0640625
36 0.690625 0.78984375 0.03671875 0.059375
36 0.26484375 0.66875 0.04921875 0.06015625
36 0.40390625 0.66953125 0.0484375 0.0625
36 0.525 0.4265625 0.05390625 0.059375
36 0.32109375 0.5484375 0.0296875 0.0609375
36 0.75859375 0.19765625 0.04296875 0.05859375
36 0.371875 0.5484375 0.03203125 0.06015625
36 0.82421875 0.4265625 0.04375 0.06015625
36 0.7546875 0.42734375 0.05 0.0609375
36 0.23828125 0.54765625 0.02734375 0.0578125
36 0.5859375 0.54765625 0.0703125 0.059375
36 0.175 0.5484375 0.05625 0.06328125
36 0.29296875 0.1890625 0.0640625 0.0421875
36 0.509375 0.54765625 0.0546875 0.059375
36 0.3171875 0.30859375 0.02578125 0.05234375
36 0.18984375 0.67734375 0.05859375 0.08203125
36 0.259375 0.78828125 0.03984375 0.0625
36 0.17265625 0.42578125 0.040625 0.0609375
36 0.62734375 0.79765625 0.0375 0.040625
36 0.165625 0.31015625 0.03515625 0.03984375
36 0.696875 0.190625 0.040625 0.04140625
36 0.55859375 0.66953125 0.0625 0.06015625
36 0.834375 0.32265625 0.040625 0.06171875
36 0.47578125 0.66875 0.0609375 0.0640625
36 0.62734375 0.66953125 0.0453125 0.06171875
36 0.7515625 0.78984375 0.03515625 0.0625
36 0.2171875 0.31015625 0.03125 0.03984375
36 0.78359375 0.30078125 0.034375 0.06171875
36 0.3796875 0.78984375 0.0359375 0.06171875
36 0.2203125 0.44296875 0.02578125 0.05859375
36 0.2765625 0.428125 0.04375 0.05859375
36 0.4359375 0.5484375 0.0578125 0.06015625
36 0.46171875 0.671875 0.02890625 0.06640625