36 0.640625 0.36640625 0.03828125 0.065625
36 0.509375 0.3671875 0.0421875 0.065625
36 0.44296875 0.3734375 0.03515625 0.0484375
36 0.59921875 0.715625 0.05234375 0.06171875
36 0.31796875 0.715625 0.0453125 0.0609375
36 0.46171875 0.50390625 0.040625 0.0640625
36 0.115625 0.4875 0.0375 0.0640625
36 0.834375 0.71484375 0.0484375 0.06171875
36 0.7609375 0.1328125 0.0390625 0.04453125
36 0.67890625 0.715625 0.06953125 0.06328125
36 0.27109375 0.12890625 0.03671875 0.04375
36 0.321875 0.3734375 0.03984375 0.046875
36 0.38203125 0.3625 0.03515625 0.0640625
36 0.77578125 0.24140625 0.03515625 0.065625
36 0.81328125 0.4890625 0.046875 0.0625
36 0.403125 0.49609375 0.0390625 0.04609375
36 0.49921875 0.83515625 0.03671875 0.059375
36 0.3328125 0.4953125 0.0578125 0.0453125
36 0.325 0.59375 0.046875 0.0609375
36 0.3875 0.25078125 0.06015625 0.046875
36 0.4515625 0.71484375 0.04765625 0.06171875
36 0.7078125 0.37578125 0.0390625 0.04765625
36 0.59296875 0.48828125 0.05 0.059375
36 0.240625 0.7203125 0.0515625 0.071875
36 0.16796875 0.71640625 0.04765625 0.0609375
36 0.73515625 0.48984375 0.04765625 0.06484375
36 0.51171875 0.59375 0.046875 0.06171875
36 0.51875 0.26171875 0.03984375 0.06484375
36 0.5265625 0.49609375 0.03828125 0.0453125
36 0.5734375 0.375 0.03984375 0.046875
36 0.2453125 0.59375 0.04921875 0.06796875
36 0.3875 0.715625 0.0453125 0.0640625
36 0.8203125 0.38125 0.03984375 0.065625
36 0.64453125 0.24140625 0.03828125 0.0671875
36 0.1609375 0.24140625 0.04140625 0.06796875
36 0.703125 0.8359375 0.04375 0.059375
36 0.19296875 0.12890625 0.0625 0.0453125
36 0.46875 0.14140625 0.040625 0.065625
36 0.66484375 0.4890625 0.0421875 0.06171875
36 0.26484375 0.48671875 0.0375 0.06171875
36 0.2625 0.36640625 0.03828125 0.06640625
36 0.81953125 0.5953125 0.05078125 0.065625
36 0.65390625 0.59453125 0.065625 0.06328125
36 0.821875 0.1328125 0.03671875 0.04765625
36 0.1671875 0.8375 0.04765625 0.06171875
36 0.29453125 0.8359375 0.0296875 0.06015625
36 0.28359375 0.23984375 0.02734375 0.0671875
36 0.7640625 0.71484375 0.0484375 0.0625
36 0.45859375 0.253125 0.03984375 0.0484375
36 0.5828125 0.1328125 0.0375 0.046875
36 0.23515625 0.83671875 0.04140625 0.0625
36 0.40546875 0.1375 0.03515625 0.06328125
36 0.71015625 0.2515625 0.040625 0.046875
36 0.64140625 0.125 0.028125 0.0578125
36 0.884375 0.48984375 0.0421875 0.06328125
36 0.740625 0.59453125 0.05078125 0.06328125
36 0.63359375 0.83671875 0.03984375 0.06328125
36 0.8375 0.2609375 0.04140625 0.06328125
36 0.578125 0.25078125 0.0375 0.0453125
36 0.834375 0.83671875 0.04140625 0.0625
36 0.56953125 0.83984375 0.03828125 0.0671875
36 0.1640625 0.36171875 0.0140625 0.0609375
36 0.765625 0.3625 0.028125 0.0640625
36 0.1765625 0.59140625 0.04140625 0.06015625
36 0.53359375 0.1296875 0.025 0.04609375
36 0.16953125 0.4859375 0.01328125 0.0609375
36 0.69765625 0.13203125 0.040625 0.04609375
36 0.57578125 0.59453125 0.04140625 0.06328125
36 0.16875 0.36484375 0.0140625 0.0609375
36 0.2078125 0.13203125 0.03515625 0.04453125