36 0.51640625 0.14140625 0.03515625 0.06171875
36 0.18125 0.14140625 0.0375 0.06171875
36 0.26171875 0.29765625 0.03671875 0.0609375
36 0.20078125 0.42578125 0.0359375 0.05859375
36 0.3296875 0.42578125 0.046875 0.05859375
36 0.1203125 0.15 0.03203125 0.04375
36 0.8125 0.73515625 0.0375 0.06171875
36 0.27734375 0.57890625 0.034375 0.05859375
36 0.35390625 0.15078125 0.0359375 0.04375
36 0.5171875 0.290625 0.03359375 0.04375
36 0.29296875 0.14296875 0.03828125 0.06171875
36 0.66171875 0.5796875 0.05078125 0.05859375
36 0.4140625 0.5796875 0.0375 0.06015625
36 0.19453125 0.290625 0.03984375 0.04375
36 0.578125 0.42578125 0.04296875 0.05859375
36 0.45390625 0.159375 0.0375 0.06171875
36 0.6375 0.2890625 0.0546875 0.04296875
36 0.878125 0.15078125 0.034375 0.0421875
36 0.39453125 0.425 0.03125 0.05859375
36 0.80625 0.15078125 0.06015625 0.0421875
36 0.53125 0.57890625 0.0375 0.05859375
36 0.32109375 0.29609375 0.03828125 0.06015625
36 0.575 0.28984375 0.03828125 0.04140625
36 0.7328125 0.57890625 0.06328125 0.05859375
36 0.75625 0.29765625 0.03671875 0.06015625
36 0.87421875 0.57890625 0.04453125 0.0578125
36 0.42109375 0.2890625 0.0296875 0.04375
36 0.67265625 0.42578125 0.02578125 0.0578125
36 0.21015625 0.5796875 0.0546875 0.06171875
36 0.13203125 0.57890625 0.046875 0.0578125
36 0.2375 0.15078125 0.0328125 0.04375
36 0.284375 0.7359375 0.03828125 0.059375
36 0.703125 0.28984375 0.03359375 0.04296875
36 0.134375 0.42421875 0.05078125 0.05859375
36 0.471875 0.578125 0.03671875 0.06171875
36 0.4484375 0.425 0.03203125 0.05859375
36 0.3421875 0.58515625 0.05390625 0.0734375
36 0.22421875 0.73515625 0.04609375 0.05625
36 0.4046875 0.1375 0.025 0.0609375
36 0.8125 0.5796875 0.046875 0.06015625
36 0.50859375 0.42578125 0.04765625 0.06171875
36 0.57578125 0.7375 0.0328125 0.06171875
36 0.7875 0.425 0.03203125 0.05859375
36 0.7296875 0.42578125 0.03828125 0.059375
36 0.59453125 0.5796875 0.04453125 0.059375
36 0.63515625 0.740625 0.03671875 0.04609375
36 0.703125 0.13828125 0.03359375 0.06328125
36 0.51328125 0.734375 0.03828125 0.05390625
36 0.85625 0.42578125 0.06484375 0.05859375
36 0.26484375 0.42578125 0.05 0.0609375
36 0.753125 0.73671875 0.03671875 0.06171875
36 0.6953125 0.73515625 0.040625 0.0578125
36 0.74375 0.14140625 0.01015625 0.06015625
36 0.378125 0.28828125 0.02421875 0.040625
36 0.46640625 0.28515625 0.025 0.053125
36 0.3375 0.73515625 0.0234375 0.0578125
36 0.50703125 0.4375 0.04765625 0.03203125
36 0.63125 0.42421875 0.0125 0.05859375
36 0.40078125 0.7359375 0.034375 0.059375
36 0.75078125 0.57890625 0.04921875 0.05625