36 0.625 0.428125 0.04140625 0.05703125
36 0.67578125 0.54765625 0.0359375 0.05703125
36 0.80859375 0.5484375 0.04296875 0.05703125
36 0.490625 0.31171875 0.03515625 0.04140625
36 0.61171875 0.5484375 0.04609375 0.0578125
36 0.82421875 0.3203125 0.03671875 0.05703125
36 0.56484375 0.42734375 0.040625 0.05859375
36 0.55234375 0.30078125 0.03671875 0.05859375
36 0.690625 0.428125 0.03359375 0.05703125
36 0.6921875 0.66796875 0.03671875 0.059375
36 0.37890625 0.1890625 0.03515625 0.04140625
36 0.375 0.66875 0.040625 0.05546875
36 0.19453125 0.42578125 0.0328125 0.05625
36 0.66484375 0.3015625 0.034375 0.059375
36 0.6984375 0.7890625 0.03984375 0.059375
36 0.44296875 0.66875 0.0609375 0.05625
36 0.47890625 0.5484375 0.0515625 0.05625
36 0.54921875 0.546875 0.0390625 0.05546875
36 0.19375 0.546875 0.03515625 0.05390625
36 0.49765625 0.1953125 0.0359375 0.05625
36 0.25078125 0.54765625 0.0296875 0.05546875
36 0.72265625 0.31015625 0.03671875 0.04140625
36 0.31015625 0.66953125 0.0390625 0.05625
36 0.73671875 0.55625 0.04609375 0.07421875
36 0.4421875 0.428125 0.04453125 0.0578125
36 0.62421875 0.19140625 0.05625 0.04140625
36 0.6078125 0.309375 0.03125 0.040625
36 0.56953125 0.66796875 0.0453125 0.05625
36 0.5046875 0.42734375 0.0375 0.05625
36 0.57578125 0.7890625 0.03828125 0.05390625
36 0.43515625 0.3125 0.03671875 0.03984375
36 0.25234375 0.6671875 0.03984375 0.05546875
36 0.4375 0.19140625 0.0375 0.04140625
36 0.27421875 0.3125 0.0328125 0.04140625
36 0.55703125 0.19453125 0.0390625 0.0546875
36 0.63828125 0.7890625 0.0390625 0.05859375
36 0.24140625 0.4328125 0.02265625 0.071875
36 0.396875 0.78984375 0.03828125 0.05625
36 0.74296875 0.42734375 0.0328125 0.05546875
36 0.30625 0.1875 0.05703125 0.04140625
36 0.509375 0.66796875 0.0421875 0.05625
36 0.74453125 0.1953125 0.04140625 0.0546875
36 0.68984375 0.18984375 0.0375 0.04140625
36 0.62734375 0.66796875 0.03828125 0.0546875
36 0.3765625 0.309375 0.03515625 0.03984375
36 0.5171875 0.7875 0.03984375 0.0578125
36 0.2984375 0.5484375 0.0296875 0.05703125
36 0.225 0.309375 0.02890625 0.03828125
36 0.4578125 0.7890625 0.0359375 0.05625
36 0.34140625 0.425 0.01875 0.0578125
36 0.29609375 0.42578125 0.03359375 0.05625
36 0.8046875 0.4265625 0.04375 0.0578125
36 0.7484375 0.66875 0.0375 0.05703125
36 0.41796875 0.54765625 0.03359375 0.053125
36 0.24453125 0.18125 0.0140625 0.05625