36 0.659375 0.3734375 0.07734375 0.046875
36 0.44140625 0.12734375 0.03359375 0.05703125
36 0.21484375 0.6171875 0.04375 0.0734375
36 0.16796875 0.6125 0.03828125 0.0609375
36 0.4421875 0.24453125 0.0328125 0.05546875
36 0.4375 0.609375 0.08203125 0.0578125
36 0.51171875 0.37421875 0.0578125 0.040625
36 0.3859375 0.25390625 0.053125 0.04296875
36 0.565625 0.83671875 0.04375 0.0515625
36 0.44296875 0.71640625 0.06328125 0.053125
36 0.525 0.71640625 0.0828125 0.05546875
36 0.63203125 0.83828125 0.04609375 0.053125
36 0.33671875 0.37265625 0.046875 0.05390625
36 0.39296875 0.37421875 0.0421875 0.04296875
36 0.7984375 0.38046875 0.04921875 0.059375
36 0.83125 0.83828125 0.04453125 0.05234375
36 0.58046875 0.37421875 0.053125 0.0421875
36 0.35546875 0.6109375 0.053125 0.05234375
36 0.6015625 0.6125 0.06015625 0.05625
36 0.66796875 0.134375 0.05078125 0.0421875
36 0.53828125 0.4890625 0.05859375 0.04453125
36 0.2359375 0.8390625 0.04609375 0.05859375
36 0.4921875 0.25703125 0.03203125 0.034375
36 0.7359375 0.3734375 0.0515625 0.04140625
36 0.51484375 0.25234375 0.09140625 0.04453125
36 0.28515625 0.6109375 0.06875 0.06328125
36 0.1078125 0.61171875 0.0640625 0.0578125
36 0.52265625 0.6109375 0.0734375 0.05390625
36 0.37109375 0.840625 0.04375 0.0578125
36 0.67734375 0.253125 0.05703125 0.04140625
36 0.5015625 0.83671875 0.04453125 0.05546875
36 0.3734375 0.715625 0.05546875 0.05546875
36 0.53671875 0.13046875 0.03515625 0.0703125
36 0.275 0.38203125 0.06171875 0.05859375
36 0.30859375 0.13984375 0.0578125 0.05546875
36 0.4484375 0.37109375 0.03515625 0.04921875
36 0.38203125 0.125 0.06328125 0.05390625
36 0.459375 0.49140625 0.05703125 0.05546875
36 0.7671875 0.83828125 0.046875 0.05390625
36 0.6046875 0.253125 0.06640625 0.04375
36 0.30390625 0.83671875 0.034375 0.05
36 0.75625 0.61953125 0.0609375 0.0703125
36 0.69921875 0.8390625 0.046875 0.059375
36 0.24921875 0.12421875 0.04609375 0.059375
36 0.5984375 0.125 0.059375 0.05859375
36 0.73984375 0.12578125 0.0609375 0.05625
36 0.24453125 0.25234375 0.05546875 0.05234375
36 0.3171875 0.246875 0.059375 0.06015625
36 0.75 0.259375 0.05859375 0.0609375
36 0.1984375 0.37265625 0.06015625 0.04609375
36 0.23828125 0.49609375 0.05546875 0.04453125
36 0.3078125 0.4890625 0.06328125 0.059375
36 0.38125 0.48984375 0.0625 0.0609375
36 0.60703125 0.48984375 0.0625 0.06171875
36 0.6796875 0.48984375 0.0578125 0.0578125
36 0.75078125 0.4875 0.06328125 0.05859375
36 0.678125 0.6109375 0.06484375 0.06171875
36 0.83359375 0.61171875 0.071875 0.0625
36 0.3 0.715625 0.0625 0.06328125
36 0.61640625 0.71640625 0.0796875 0.0546875
36 0.696875 0.715625 0.05625 0.05625
36 0.4328125 0.83828125 0.0515625 0.05625
36 0.16875 0.8375 0.05703125 0.05625