36 0.559375 0.3390625 0.03046875 0.0390625
36 0.3703125 0.45234375 0.04921875 0.05546875
36 0.6765625 0.453125 0.04296875 0.0578125
36 0.48984375 0.45234375 0.0390625 0.05625
36 0.509375 0.3328125 0.02890625 0.05703125
36 0.7328125 0.57734375 0.04765625 0.06953125
36 0.7296875 0.81875 0.03203125 0.06015625
36 0.6 0.6984375 0.0453125 0.05703125
36 0.5453125 0.57265625 0.05 0.05703125
36 0.42890625 0.2234375 0.0328125 0.0515625
36 0.47421875 0.5734375 0.0625 0.0546875
36 0.6109375 0.57265625 0.04921875 0.05703125
36 0.5515625 0.453125 0.04140625 0.05625
36 0.26875 0.81796875 0.0328125 0.05859375
36 0.3109375 0.3375 0.03125 0.03828125
36 0.45859375 0.33984375 0.0296875 0.03984375
36 0.53828125 0.6953125 0.03984375 0.05703125
36 0.53984375 0.2171875 0.04375 0.0390625
36 0.596875 0.21953125 0.03125 0.0390625
36 0.4828125 0.69765625 0.03046875 0.0578125
36 0.43359375 0.45234375 0.0390625 0.05625
36 0.36171875 0.571875 0.0484375 0.05625
36 0.46953125 0.81953125 0.02890625 0.05546875
36 0.61328125 0.45234375 0.040625 0.05546875
36 0.421875 0.6984375 0.0484375 0.05703125
36 0.29453125 0.571875 0.046875 0.0578125
36 0.7953125 0.57265625 0.04140625 0.05625
36 0.66640625 0.696875 0.04765625 0.05390625
36 0.73125 0.45234375 0.02421875 0.0546875
36 0.37734375 0.2171875 0.03203125 0.0390625
36 0.20703125 0.45234375 0.034375 0.05625
36 0.4109375 0.3328125 0.0296875 0.05234375
36 0.41875 0.5734375 0.02578125 0.05703125
36 0.246875 0.4515625 0.0171875 0.05390625
36 0.3015625 0.45859375 0.05078125 0.0390625
36 0.78359375 0.21875 0.0234375 0.04140625
36 0.67265625 0.5734375 0.0375 0.05625
36 0.4765625 0.22265625 0.03125 0.04921875
36 0.78828125 0.4515625 0.0484375 0.05625
36 0.57578125 0.815625 0.0328125 0.06015625
36 0.62578125 0.81953125 0.0328125 0.05703125
36 0.28125 0.69765625 0.0609375 0.05546875
36 0.3609375 0.3390625 0.0265625 0.040625
36 0.703125 0.33203125 0.03125 0.05625
36 0.728125 0.69765625 0.04140625 0.05625
36 0.69921875 0.21875 0.028125 0.03828125
36 0.21875 0.33515625 0.01953125 0.05
36 0.65234375 0.34375 0.03046875 0.04921875
36 0.35234375 0.6984375 0.05 0.05703125
36 0.32578125 0.21953125 0.03125 0.03828125
36 0.26484375 0.21640625 0.04921875 0.040625
36 0.67890625 0.81875 0.028125 0.0578125