36 0.26953125 0.37578125 0.03515625 0.04296875
36 0.60234375 0.61015625 0.04140625 0.05625
36 0.74375 0.61015625 0.03984375 0.05703125
36 0.646875 0.25390625 0.034375 0.0421875
36 0.540625 0.73125 0.03984375 0.05625
36 0.58828125 0.25390625 0.0390625 0.0421875
36 0.53203125 0.25390625 0.03671875 0.0421875
36 0.45 0.36796875 0.03828125 0.059375
36 0.42109375 0.7296875 0.0453125 0.05859375
36 0.59296875 0.8515625 0.03828125 0.0578125
36 0.33203125 0.36796875 0.03515625 0.0578125
36 0.5140625 0.3765625 0.03828125 0.0421875
36 0.675 0.36796875 0.03515625 0.05625
36 0.65390625 0.8515625 0.03828125 0.053125
36 0.40234375 0.13203125 0.034375 0.04140625
36 0.6734375 0.73125 0.05 0.059375
36 0.7734375 0.853125 0.04140625 0.05859375
36 0.54453125 0.490625 0.05078125 0.0625
36 0.3921875 0.37578125 0.0359375 0.0421875
36 0.465625 0.85 0.0359375 0.053125
36 0.4046875 0.48828125 0.04609375 0.05859375
36 0.271875 0.73125 0.05859375 0.05859375
36 0.671875 0.6171875 0.05546875 0.07109375
36 0.5328125 0.6109375 0.0546875 0.05703125
36 0.2765625 0.26171875 0.040625 0.0578125
36 0.3296875 0.25546875 0.0328125 0.04296875
36 0.45546875 0.6109375 0.04921875 0.0578125
36 0.5296875 0.13671875 0.0375 0.05703125
36 0.2625 0.61015625 0.04453125 0.05703125
36 0.37734375 0.6109375 0.05625 0.0578125
36 0.4296875 0.2546875 0.03359375 0.04296875
36 0.48203125 0.73125 0.04140625 0.059375
36 0.659375 0.13359375 0.05703125 0.04140625
36 0.4734375 0.4890625 0.040625 0.05703125
36 0.734375 0.73125 0.04140625 0.06015625
36 0.65859375 0.4890625 0.03984375 0.0578125
36 0.46328125 0.13203125 0.040625 0.04140625
36 0.33046875 0.13203125 0.0609375 0.0421875
36 0.696875 0.24375 0.0140625 0.05703125
36 0.6015625 0.4875 0.02265625 0.05703125
36 0.28515625 0.8515625 0.028125 0.05546875
36 0.48046875 0.24765625 0.0265625 0.05078125
36 0.3546875 0.73046875 0.04609375 0.06171875
36 0.7359375 0.36796875 0.03515625 0.0578125
36 0.56640625 0.36796875 0.0234375 0.05703125
36 0.53203125 0.8515625 0.03828125 0.05859375
36 0.28671875 0.48984375 0.040625 0.0578125
36 0.72421875 0.1328125 0.03671875 0.0421875
36 0.21875 0.48984375 0.05078125 0.059375
36 0.38125 0.2515625 0.0234375 0.04296875
36 0.31953125 0.60859375 0.0125 0.05625
36 0.29140625 0.73125 0.0515625 0.05859375
36 0.7296875 0.253125 0.01640625 0.07109375
36 0.34765625 0.85234375 0.0390625 0.0578125
36 0.78203125 0.49140625 0.053125 0.06484375
36 0.34609375 0.48828125 0.0375 0.05546875
36 0.590625 0.1359375 0.03984375 0.05703125