36 0.35234375 0.5453125 0.04609375 0.05234375
36 0.86328125 0.84140625 0.03671875 0.05546875
36 0.215625 0.5453125 0.04140625 0.053125
36 0.6453125 0.39296875 0.034375 0.0390625
36 0.23359375 0.23046875 0.03203125 0.0546875
36 0.55625 0.54609375 0.05 0.05546875
36 0.59296875 0.7015625 0.040625 0.0546875
36 0.565625 0.840625 0.03046875 0.0515625
36 0.75234375 0.2375 0.0375 0.040625
36 0.5171875 0.2359375 0.034375 0.040625
36 0.65859375 0.70234375 0.03984375 0.053125
36 0.8640625 0.7015625 0.0609375 0.05390625
36 0.33359375 0.39296875 0.034375 0.040625
36 0.3890625 0.39921875 0.03359375 0.05625
36 0.74296875 0.84140625 0.034375 0.053125
36 0.85234375 0.2359375 0.05234375 0.03984375
36 0.17421875 0.24375 0.0359375 0.05625
36 0.70625 0.39453125 0.05078125 0.040625
36 0.16328125 0.703125 0.0515625 0.0546875
36 0.15078125 0.5453125 0.046875 0.05546875
36 0.52265625 0.70234375 0.0453125 0.053125
36 0.68984375 0.23046875 0.03359375 0.05625
36 0.4890625 0.54453125 0.03671875 0.0515625
36 0.4265625 0.54609375 0.03984375 0.053125
36 0.16015625 0.3921875 0.03125 0.040625
36 0.790625 0.5453125 0.04453125 0.0546875
36 0.578125 0.2296875 0.0328125 0.05390625
36 0.48984375 0.3921875 0.03203125 0.040625
36 0.62734375 0.5453125 0.040625 0.05234375
36 0.82421875 0.4 0.03671875 0.05546875
36 0.38203125 0.703125 0.03984375 0.0515625
36 0.21796875 0.3921875 0.0359375 0.03984375
36 0.790625 0.70078125 0.05 0.0546875
36 0.284375 0.54609375 0.046875 0.05703125
36 0.44375 0.39375 0.0234375 0.0390625
36 0.2375 0.70078125 0.04609375 0.053125
36 0.4515625 0.7015625 0.05234375 0.05546875
36 0.58359375 0.3921875 0.03359375 0.040625
36 0.6859375 0.8421875 0.03671875 0.0578125
36 0.30859375 0.7015625 0.05 0.05390625
36 0.278125 0.40078125 0.0328125 0.0546875
36 0.46484375 0.2296875 0.0328125 0.053125
36 0.21015625 0.840625 0.04921875 0.05390625
36 0.390625 0.840625 0.02265625 0.05390625
36 0.72265625 0.70078125 0.0453125 0.05390625
36 0.85234375 0.5453125 0.03359375 0.053125
36 0.53984375 0.3890625 0.02109375 0.05078125
36 0.1265625 0.2296875 0.021875 0.05390625
36 0.68203125 0.54453125 0.0125 0.05390625
36 0.44921875 0.8421875 0.0375 0.0578125
36 0.6375 0.2390625 0.03515625 0.04296875
36 0.728125 0.54609375 0.03046875 0.0546875
36 0.76953125 0.39375 0.0359375 0.03984375
36 0.87890625 0.39453125 0.0359375 0.04140625
36 0.62578125 0.84609375 0.03671875 0.06640625
36 0.14296875 0.840625 0.0453125 0.0546875
36 0.88125 0.70078125 0.03984375 0.0546875
36 0.28046875 0.2296875 0.01171875 0.05390625
36 0.79609375 0.2296875 0.01015625 0.053125