36 0.446875 0.69765625 0.04140625 0.053125
36 0.64453125 0.57265625 0.046875 0.0546875
36 0.65703125 0.2109375 0.028125 0.0546875
36 0.50234375 0.81875 0.025 0.05625
36 0.46328125 0.2109375 0.0296875 0.05546875
36 0.4 0.81875 0.03046875 0.0578125
36 0.42421875 0.57109375 0.0234375 0.05546875
36 0.3 0.57265625 0.04453125 0.05625
36 0.72578125 0.453125 0.0453125 0.05234375
36 0.24140625 0.57265625 0.03671875 0.05625
36 0.659375 0.81875 0.03125 0.05703125
36 0.240625 0.81953125 0.03828125 0.05546875
36 0.59609375 0.34296875 0.02890625 0.04921875
36 0.32890625 0.69765625 0.04140625 0.0546875
36 0.7203125 0.57265625 0.05 0.05546875
36 0.5734375 0.696875 0.0484375 0.053125
36 0.53671875 0.45234375 0.040625 0.05546875
36 0.38984375 0.69765625 0.03125 0.05625
36 0.5140625 0.21875 0.02890625 0.03828125
36 0.26875 0.70234375 0.05 0.06328125
36 0.47734375 0.46015625 0.028125 0.03671875
36 0.5609375 0.21015625 0.0234375 0.05546875
36 0.6640625 0.45234375 0.046875 0.05703125
36 0.7875 0.69765625 0.04609375 0.05390625
36 0.36796875 0.57265625 0.0515625 0.05625
36 0.2609375 0.459375 0.02890625 0.03671875
36 0.51953125 0.57265625 0.0484375 0.05546875
36 0.440625 0.3390625 0.0328125 0.03828125
36 0.578125 0.5734375 0.0421875 0.05546875
36 0.65 0.69609375 0.0609375 0.0515625
36 0.4640625 0.57265625 0.02265625 0.05546875
36 0.31953125 0.45859375 0.04453125 0.03828125
36 0.296875 0.81875 0.03359375 0.05703125
36 0.7046875 0.2109375 0.025 0.05546875
36 0.32890625 0.3375 0.04453125 0.0375
36 0.20859375 0.696875 0.03515625 0.05234375
36 0.4296875 0.46328125 0.0296875 0.04609375
36 0.7609375 0.81796875 0.03125 0.0578125
36 0.66875 0.57109375 0.01953125 0.05546875
36 0.78515625 0.57265625 0.04765625 0.0546875
36 0.72265625 0.69765625 0.0484375 0.0546875
36 0.38671875 0.3375 0.03046875 0.0375
36 0.34765625 0.81953125 0.01953125 0.05390625
36 0.37734375 0.46015625 0.02890625 0.0375