36 0.59453125 0.34453125 0.0375 0.0578125
36 0.540625 0.50234375 0.0234375 0.05546875
36 0.34140625 0.50234375 0.03828125 0.0546875
36 0.45 0.353125 0.03125 0.0390625
36 0.28828125 0.34375 0.03828125 0.05859375
36 0.2171875 0.50234375 0.05390625 0.05546875
36 0.4421875 0.659375 0.03203125 0.05703125
36 0.4046875 0.50234375 0.05078125 0.05703125
36 0.6375 0.659375 0.0546875 0.05546875
36 0.75859375 0.1953125 0.02578125 0.0390625
36 0.39453125 0.3453125 0.03359375 0.0578125
36 0.8484375 0.1953125 0.03828125 0.0390625
36 0.50078125 0.196875 0.0546875 0.0375
36 0.79296875 0.82421875 0.0328125 0.05546875
36 0.2453125 0.659375 0.03984375 0.05625
36 0.34296875 0.353125 0.03203125 0.03984375
36 0.18046875 0.66015625 0.053125 0.0578125
36 0.84765625 0.3453125 0.0421875 0.0546875
36 0.38203125 0.659375 0.046875 0.05625
36 0.32578125 0.1984375 0.0359375 0.0390625
36 0.43984375 0.2078125 0.0359375 0.05703125
36 0.784375 0.3453125 0.05 0.05625
36 0.61640625 0.20859375 0.0359375 0.05859375
36 0.84609375 0.50234375 0.05546875 0.05546875
36 0.26796875 0.1984375 0.0390625 0.03828125
36 0.8609375 0.659375 0.05078125 0.05546875
36 0.4984375 0.6609375 0.04765625 0.05859375
36 0.31171875 0.6640625 0.05703125 0.06796875
36 0.284375 0.50234375 0.03984375 0.0546875
36 0.52265625 0.82265625 0.03515625 0.0546875
36 0.5640625 0.6609375 0.059375 0.0578125
36 0.71796875 0.66015625 0.06796875 0.05546875
36 0.63203125 0.8171875 0.034375 0.05390625
36 0.7703125 0.50234375 0.06328125 0.05546875
36 0.5421875 0.3609375 0.03515625 0.0578125
36 0.79609375 0.66015625 0.05 0.05625
36 0.6890625 0.82421875 0.034375 0.053125
36 0.2375 0.35546875 0.03125 0.0390625
36 0.48046875 0.50234375 0.0609375 0.05546875
36 0.36328125 0.82109375 0.0265625 0.04609375
36 0.19765625 0.1984375 0.059375 0.0375
36 0.46328125 0.50234375 0.025 0.053125
36 0.38125 0.20703125 0.0375 0.0578125
36 0.184375 0.35234375 0.03828125 0.0390625
36 0.1515625 0.503125 0.04921875 0.06015625
36 0.7125 0.1953125 0.02890625 0.0375
36 0.634375 0.50234375 0.053125 0.05546875
36 0.57890625 0.50703125 0.025 0.0671875
36 0.49765625 0.34375 0.02890625 0.0578125
36 0.578125 0.82421875 0.0296875 0.05390625
36 0.79921875 0.19140625 0.02421875 0.05
36 0.3078125 0.81953125 0.03359375 0.046875
36 0.70234375 0.50234375 0.04296875 0.05703125
36 0.7296875 0.34375 0.02109375 0.05859375
36 0.56171875 0.196875 0.0375 0.0375
36 0.7390625 0.81875 0.03125 0.05625
36 0.665625 0.1953125 0.03203125 0.03828125
36 0.68828125 0.34296875 0.04375 0.06015625
36 0.63984375 0.3515625 0.01875 0.075