36 0.33125 0.56171875 0.04921875 0.0578125
36 0.3421875 0.70546875 0.046875 0.05625
36 0.8546875 0.27265625 0.034375 0.0375
36 0.29375 0.421875 0.0359375 0.05234375
36 0.09296875 0.2640625 0.034375 0.059375
36 0.17421875 0.5609375 0.04375 0.0578125
36 0.5125 0.2640625 0.03359375 0.05703125
36 0.9046875 0.84296875 0.034375 0.0609375
36 0.1578125 0.27265625 0.03671875 0.03828125
36 0.68125 0.26328125 0.034375 0.059375
36 0.6328125 0.56171875 0.0390625 0.05703125
36 0.1015625 0.70390625 0.05 0.0578125
36 0.553125 0.56171875 0.05 0.059375
36 0.88671875 0.7046875 0.06171875 0.06015625
36 0.61484375 0.41640625 0.05234375 0.03984375
36 0.5046875 0.7046875 0.04765625 0.05546875
36 0.82578125 0.5609375 0.04453125 0.0578125
36 0.64453125 0.84296875 0.03515625 0.06171875
36 0.1828125 0.70390625 0.04609375 0.05859375
36 0.2734375 0.2734375 0.03359375 0.03984375
36 0.77578125 0.84296875 0.034375 0.06171875
36 0.096875 0.5609375 0.04921875 0.05703125
36 0.103125 0.415625 0.04921875 0.0390625
36 0.5453125 0.4171875 0.03828125 0.03828125
36 0.57265625 0.84453125 0.0359375 0.05859375
36 0.69609375 0.56015625 0.02109375 0.0578125
36 0.6515625 0.7046875 0.046875 0.05625
36 0.2296875 0.41953125 0.03515625 0.04921875
36 0.80703125 0.703125 0.0546875 0.06171875
36 0.26484375 0.70546875 0.0515625 0.0609375
36 0.17109375 0.8421875 0.05078125 0.06015625
36 0.75078125 0.41640625 0.0359375 0.0390625
36 0.81328125 0.421875 0.040625 0.05234375
36 0.21796875 0.2640625 0.02890625 0.05859375
36 0.36171875 0.415625 0.03359375 0.0390625
36 0.6859375 0.41328125 0.03671875 0.0390625
36 0.709375 0.84296875 0.03515625 0.06015625
36 0.33828125 0.26484375 0.03515625 0.06015625
36 0.4796875 0.5609375 0.03984375 0.05625
36 0.57734375 0.26796875 0.034375 0.02421875
36 0.253125 0.5625 0.05 0.06015625
36 0.4796875 0.41640625 0.0359375 0.0390625
36 0.42109375 0.40703125 0.028125 0.05234375
36 0.40625 0.56171875 0.03671875 0.05703125
36 0.425 0.70625 0.053125 0.0609375
36 0.3765625 0.8421875 0.0203125 0.05703125
36 0.23984375 0.84296875 0.0453125 0.06015625
36 0.171875 0.4125 0.028125 0.03828125
36 0.83984375 0.84453125 0.034375 0.0625
36 0.5765625 0.70703125 0.0421875 0.06171875
36 0.096875 0.84296875 0.04609375 0.0609375
36 0.78828125 0.2734375 0.0390625 0.0390625
36 0.44375 0.84296875 0.03515625 0.06171875