36 0.15703125 0.453125 0.0359375 0.05
36 0.85 0.33203125 0.03515625 0.05234375
36 0.60546875 0.81171875 0.034375 0.034375
36 0.21796875 0.2109375 0.03125 0.0515625
36 0.21875 0.33125 0.03125 0.05
36 0.2875 0.33125 0.03125 0.04921875
36 0.35703125 0.21171875 0.0296875 0.05078125
36 0.56875 0.21015625 0.03046875 0.05234375
36 0.1484375 0.2109375 0.0296875 0.05078125
36 0.325 0.8109375 0.02890625 0.0328125
36 0.7125 0.33125 0.03203125 0.04921875
36 0.6390625 0.58046875 0.0296875 0.0328125
36 0.8515625 0.21015625 0.03046875 0.05078125
36 0.43046875 0.33125 0.0296875 0.0484375
36 0.43046875 0.2109375 0.02890625 0.05
36 0.6390625 0.33203125 0.03125 0.0515625
36 0.18125 0.70859375 0.03046875 0.04375
36 0.64296875 0.21015625 0.02734375 0.0484375
36 0.703125 0.4515625 0.02890625 0.046875
36 0.56953125 0.33203125 0.03046875 0.04921875
36 0.2546875 0.81015625 0.0328125 0.03359375
36 0.4984375 0.2109375 0.03125 0.04765625
36 0.28828125 0.21171875 0.03359375 0.0515625
36 0.39375 0.81015625 0.03046875 0.03203125
36 0.43046875 0.57421875 0.0296875 0.04921875
36 0.35703125 0.584375 0.02890625 0.034375
36 0.56875 0.57421875 0.0296875 0.05
36 0.67734375 0.696875 0.0265625 0.04921875
36 0.15 0.57421875 0.03125 0.0484375
36 0.53671875 0.703125 0.028125 0.03359375
36 0.78203125 0.58359375 0.02890625 0.03359375
36 0.49921875 0.33359375 0.03359375 0.05234375
36 0.78046875 0.33203125 0.03359375 0.05
36 0.22734375 0.4515625 0.03359375 0.0515625
36 0.36015625 0.33203125 0.03203125 0.04921875
36 0.29609375 0.4515625 0.03515625 0.04921875
36 0.2875 0.57265625 0.0328125 0.0515625
36 0.74453125 0.81484375 0.03046875 0.04296875
36 0.325 0.70234375 0.02734375 0.034375
36 0.21796875 0.5734375 0.03125 0.05078125