1 0.8546875 0.64921875 0.0953125 0.2390625
23 0.11953125 0.21015625 0.13671875 0.2390625
25 0.25390625 0.2140625 0.10546875 0.23984375
27 0.39296875 0.21171875 0.11484375 0.23984375
28 0.51875 0.2109375 0.10546875 0.23828125
29 0.628125 0.209375 0.1078125 0.23671875
30 0.7625 0.20546875 0.12109375 0.23984375
31 0.15546875 0.6546875 0.11484375 0.2328125
32 0.3125 0.65625 0.1671875 0.2296875
33 0.484375 0.65 0.1234375 0.234375
34 0.609375 0.6515625 0.10390625 0.23515625
35 0.734375 0.65078125 0.11640625 0.2375