10 0.240625 0.246875 0.07890625 0.065625
11 0.4 0.284375 0.06796875 0.059375
12 0.5609375 0.32734375 0.08203125 0.06171875
13 0.7140625 0.3625 0.075 0.059375
14 0.875 0.40703125 0.06875 0.0625
15 0.228125 0.35 0.06015625 0.06171875
16 0.38671875 0.39296875 0.084375 0.0640625
17 0.5359375 0.43046875 0.0703125 0.0703125
18 0.696875 0.46953125 0.04140625 0.0703125
19 0.8484375 0.50859375 0.06328125 0.0546875
20 0.20078125 0.45625 0.07109375 0.0703125
21 0.3578125 0.4953125 0.05859375 0.0640625
22 0.515625 0.53828125 0.084375 0.0640625
23 0.67109375 0.57421875 0.0828125 0.065625
24 0.8296875 0.615625 0.08046875 0.06328125
25 0.1828125 0.55625 0.059375 0.05546875
26 0.340625 0.60234375 0.08671875 0.0671875
27 0.496875 0.63984375 0.06328125 0.0640625
28 0.6578125 0.6828125 0.06015625 0.0640625
29 0.81875 0.71875 0.06953125 0.065625
30 0.16171875 0.66328125 0.08359375 0.06328125
31 0.31953125 0.69921875 0.075 0.065625
32 0.47890625 0.7375 0.10859375 0.07890625
33 0.63359375 0.78828125 0.0859375 0.0671875
34 0.79921875 0.8203125 0.065625 0.0640625
35 0.4546875 0.8453125 0.07265625 0.06796875