17 0.7265625 0.74140625 0.07421875 0.09453125
3 0.08828125 0.56484375 0.046875 0.0953125
13 0.36796875 0.73828125 0.0703125 0.1078125
28 0.26484375 0.4046875 0.05234375 0.1078125
29 0.34453125 0.4046875 0.0609375 0.1
33 0.7453125 0.246875 0.06953125 0.09921875
12 0.27890625 0.73515625 0.06875 0.10234375
35 0.09296875 0.40078125 0.0609375 0.09453125
30 0.43359375 0.40859375 0.0703125 0.096875
23 0.2625 0.23984375 0.0703125 0.10859375
11 0.18515625 0.73828125 0.0609375 0.1046875
22 0.7953125 0.56015625 0.09140625 0.1
34 0.8375 0.2453125 0.0640625 0.09453125
8 0.53125 0.56640625 0.04765625 0.1015625
5 0.15703125 0.5640625 0.0453125 0.0984375
21 0.69921875 0.56171875 0.0640625 0.10546875
4 0.30625 0.5625 0.04765625 0.1046875
6 0.23359375 0.5625 0.04609375 0.10546875
1 0.85546875 0.4015625 0.03984375 0.1
2 0.3828125 0.56171875 0.0515625 0.11171875
27 0.1828125 0.40859375 0.0640625 0.0984375
20 0.61796875 0.57109375 0.0734375 0.10078125
16 0.6296875 0.73828125 0.071875 0.103125
32 0.640625 0.2453125 0.0875 0.09453125
25 0.44453125 0.246875 0.05390625 0.09765625
22 0.16640625 0.24140625 0.084375 0.10078125
26 0.5359375 0.25703125 0.07265625 0.11015625
15 0.5375 0.73203125 0.06171875 0.09765625
7 0.453125 0.56484375 0.04609375 0.1078125
19 0.79921875 0.7375 0.0421875 0.0984375
10 0.0984375 0.7359375 0.06953125 0.109375
31 0.53203125 0.40625 0.06953125 0.09765625
14 0.4578125 0.7375 0.065625 0.09921875
0 0.77890625 0.40546875 0.05 0.09921875
10 0.61875 0.40546875 0.07265625 0.0859375
9 0.70234375 0.4078125 0.05859375 0.08984375
18 0.07890625 0.246875 0.05546875 0.10625
24 0.359375 0.25 0.07890625 0.1
19 0.878125 0.5625 0.0609375 0.09765625
19 0.86015625 0.73828125 0.04296875 0.1