32 0.3640625 0.81171875 0.09765625 0.09296875
32 0.77421875 0.81328125 0.09609375 0.0953125
19 0.13046875 0.1265625 0.0515625 0.0984375
24 0.59609375 0.815625 0.053125 0.096875
24 0.18515625 0.81640625 0.05234375 0.09765625
32 0.3671875 0.29921875 0.1015625 0.08515625
32 0.91328125 0.6640625 0.1125 0.09140625
26 0.68046875 0.81484375 0.05390625 0.09765625
32 0.77578125 0.30078125 0.09921875 0.0875
26 0.2671875 0.30859375 0.06640625 0.10390625
18 0.0515625 0.12578125 0.05859375 0.10546875
24 0.22265625 0.128125 0.06953125 0.09296875
26 0.32421875 0.140625 0.07890625 0.1296875
18 0.5328125 0.11953125 0.0578125 0.11015625
19 0.6109375 0.1234375 0.06328125 0.10625
24 0.709375 0.1265625 0.07578125 0.10078125
26 0.81015625 0.14453125 0.0828125 0.12578125
32 0.91953125 0.1265625 0.10234375 0.10078125
18 0.03671875 0.29765625 0.03359375 0.1015625
19 0.0875 0.30078125 0.04140625 0.090625
24 0.159375 0.29921875 0.0796875 0.09375
26 0.26484375 0.30390625 0.07890625 0.11484375
18 0.4453125 0.29765625 0.0453125 0.096875
19 0.496875 0.29765625 0.04609375 0.1015625
24 0.5734375 0.2953125 0.08046875 0.090625
26 0.671875 0.3046875 0.078125 0.11015625
18 0.04296875 0.48359375 0.046875 0.11015625
19 0.1046875 0.4828125 0.0453125 0.11328125
24 0.19296875 0.4875 0.075 0.1
26 0.2953125 0.49765625 0.0859375 0.12109375
32 0.403125 0.47734375 0.096875 0.09609375
18 0.49375 0.484375 0.0453125 0.10546875
19 0.56171875 0.48515625 0.05078125 0.11875
24 0.64375 0.48515625 0.08046875 0.10078125
26 0.74453125 0.4953125 0.0875 0.11484375
32 0.86171875 0.48515625 0.09453125 0.1046875
18 0.0453125 0.653125 0.0453125 0.10234375
19 0.10234375 0.671875 0.03984375 0.11640625
24 0.18984375 0.6609375 0.09140625 0.0953125
26 0.3046875 0.6640625 0.09296875 0.1125
32 0.42890625 0.659375 0.12109375 0.09765625
18 0.5265625 0.6625 0.0515625 0.10390625
19 0.584375 0.67109375 0.0515625 0.12109375
24 0.67421875 0.6625 0.0921875 0.096875
26 0.78359375 0.66875 0.08984375 0.10625
18 0.0359375 0.80859375 0.04296875 0.1125
19 0.10859375 0.81171875 0.059375 0.1015625
26 0.27578125 0.81484375 0.07890625 0.1078125
18 0.453125 0.81484375 0.05078125 0.1078125
19 0.52109375 0.81796875 0.06015625 0.096875
26 0.68046875 0.81171875 0.07578125 0.0953125
32 0.4328125 0.125 0.103125 0.0984375