5 0.1703125 0.5609375 0.04765625 0.0875
4 0.3328125 0.55859375 0.05 0.08984375
12 0.10078125 0.70546875 0.078125 0.09296875
13 0.20234375 0.70625 0.07734375 0.08984375
28 0.259375 0.43203125 0.053125 0.08671875
21 0.8703125 0.7015625 0.05703125 0.0875
6 0.25234375 0.5609375 0.04921875 0.0859375
29 0.33984375 0.4296875 0.0578125 0.08984375
30 0.4328125 0.43125 0.0671875 0.08359375
12 0.75078125 0.56015625 0.07421875 0.0921875
17 0.57578125 0.7046875 0.075 0.08828125
20 0.784375 0.70546875 0.06875 0.08984375
23 0.26796875 0.30546875 0.0765625 0.09375
3 0.0921875 0.5609375 0.05078125 0.084375
8 0.57109375 0.5609375 0.0515625 0.0859375
35 0.090625 0.43203125 0.0578125 0.08359375
27 0.1796875 0.4328125 0.06171875 0.08359375
2 0.41015625 0.559375 0.0515625 0.0875
26 0.5640625 0.31015625 0.07578125 0.09921875
1 0.8734375 0.43046875 0.0375 0.08828125
7 0.4890625 0.559375 0.046875 0.08359375
22 0.16328125 0.30234375 0.0890625 0.0890625
15 0.3796875 0.7015625 0.06171875 0.0875
14 0.296875 0.70625 0.06796875 0.08828125
32 0.6796875 0.30390625 0.10234375 0.09140625
25 0.4671875 0.303125 0.0578125 0.0875
31 0.52578125 0.43046875 0.075 0.08671875
15 0.84375 0.56015625 0.059375 0.0875
34 0.88203125 0.3 0.071875 0.090625
0 0.790625 0.43515625 0.05 0.0890625
18 0.0796875 0.303125 0.0453125 0.10390625
24 0.371875 0.29921875 0.09140625 0.08984375
33 0.796875 0.30234375 0.0859375 0.09609375
10 0.6234375 0.43125 0.0828125 0.0921875
9 0.7046875 0.4296875 0.0703125 0.08828125
16 0.47265625 0.703125 0.08046875 0.0859375
18 0.65390625 0.703125 0.04296875 0.09140625
19 0.71015625 0.71171875 0.04296875 0.115625
11 0.65625 0.5609375 0.0671875 0.08828125