12 0.190625 0.76015625 0.07734375 0.115625
17 0.69921875 0.76328125 0.084375 0.109375
29 0.48515625 0.4109375 0.0703125 0.11171875
33 0.86875 0.24765625 0.08359375 0.115625
34 0.0921875 0.4109375 0.07734375 0.10390625
35 0.19609375 0.40859375 0.071875 0.1015625
30 0.584375 0.409375 0.08125 0.109375
0 0.08125 0.58515625 0.05546875 0.11171875
21 0.08515625 0.25 0.0734375 0.1171875
22 0.2015625 0.2484375 0.1 0.1125
14 0.40234375 0.76171875 0.07265625 0.12265625
13 0.2984375 0.76171875 0.07734375 0.12109375
27 0.29609375 0.4171875 0.075 0.1078125
4 0.5015625 0.58125 0.05703125 0.11953125
15 0.48984375 0.7609375 0.0671875 0.1171875
5 0.33359375 0.584375 0.053125 0.11484375
3 0.2453125 0.58515625 0.053125 0.11171875
28 0.38984375 0.4109375 0.0640625 0.1203125
23 0.31015625 0.246875 0.0828125 0.11328125
16 0.590625 0.76328125 0.0796875 0.11328125
7 0.6703125 0.5859375 0.0515625 0.1140625
31 0.6953125 0.41953125 0.078125 0.10625
1 0.16171875 0.5890625 0.04375 0.1125
2 0.5859375 0.5828125 0.06015625 0.12421875
32 0.7390625 0.2453125 0.1 0.11328125
25 0.52421875 0.25390625 0.0625 0.11796875
8 0.75859375 0.5859375 0.05703125 0.10859375
26 0.62890625 0.26171875 0.08515625 0.12734375
9 0.89921875 0.41484375 0.06015625 0.10859375
6 0.4203125 0.57890625 0.05859375 0.11953125
33 0.80390625 0.40859375 0.08515625 0.11171875
19 0.8625 0.76484375 0.05078125 0.1140625
10 0.85390625 0.58125 0.0796875 0.12578125
24 0.4234375 0.2546875 0.0703125 0.1078125
18 0.7875 0.759375 0.04765625 0.1109375
11 0.0890625 0.76328125 0.0640625 0.1125