33 0.61484375 0.41796875 0.0421875 0.06015625
33 0.10390625 0.1375 0.0375 0.05625
9 0.8828125 0.41953125 0.04609375 0.07109375
9 0.92578125 0.69453125 0.0484375 0.084375
33 0.11640625 0.6828125 0.040625 0.06171875
32 0.55546875 0.68515625 0.06484375 0.06328125
17 0.32890625 0.54921875 0.04140625 0.0640625
34 0.68984375 0.68515625 0.04296875 0.06328125
9 0.9359375 0.28515625 0.0546875 0.07734375
35 0.23671875 0.82109375 0.046875 0.0625
33 0.59921875 0.13984375 0.04140625 0.0609375
34 0.16640625 0.68359375 0.0390625 0.0609375
22 0.9109375 0.1390625 0.05234375 0.0625
32 0.553125 0.41796875 0.0609375 0.05859375
31 0.16953125 0.4125 0.0453125 0.0546875
0 0.871875 0.82578125 0.034375 0.07265625
32 0.04765625 0.2828125 0.06484375 0.0578125
32 0.05234375 0.8296875 0.06953125 0.0671875
35 0.12265625 0.8234375 0.05390625 0.065625
34 0.18125 0.82421875 0.04453125 0.0640625
32 0.046875 0.684375 0.06640625 0.06328125
33 0.63671875 0.82890625 0.0375 0.06796875
32 0.559375 0.27734375 0.0796875 0.0609375
0 0.85625 0.68828125 0.04375 0.06953125
32 0.0453125 0.4171875 0.05546875 0.05703125
32 0.04375 0.13828125 0.05859375 0.05703125
0 0.87109375 0.27734375 0.05 0.0625
33 0.1140625 0.4140625 0.04453125 0.0546875
34 0.65703125 0.14296875 0.0421875 0.06171875
32 0.43203125 0.55625 0.0515625 0.05703125
35 0.75 0.68515625 0.040625 0.06484375
9 0.32734375 0.14609375 0.0453125 0.075
34 0.52421875 0.553125 0.03203125 0.053125
10 0.4375 0.1421875 0.03828125 0.05546875
35 0.5625 0.55390625 0.034375 0.05625
32 0.53984375 0.13984375 0.0546875 0.0640625
33 0.4875 0.41796875 0.0390625 0.05546875
33 0.11640625 0.28203125 0.0453125 0.05625
1 0.28671875 0.82421875 0.03046875 0.06328125
1 0.8015625 0.684375 0.0328125 0.065625
35 0.21953125 0.684375 0.04140625 0.065625
34 0.14921875 0.1359375 0.03359375 0.05390625
35 0.70546875 0.13828125 0.03515625 0.06328125
34 0.16875 0.27734375 0.04296875 0.05546875