4 0.53984375 0.6078125 0.06328125 0.09140625
33 0.76484375 0.27421875 0.06875 0.0984375
17 0.7015625 0.7828125 0.0671875 0.0984375
29 0.359375 0.434375 0.06015625 0.09765625
1 0.17890625 0.6046875 0.05625 0.08984375
30 0.45 0.43359375 0.0640625 0.09453125
3 0.27109375 0.60859375 0.0578125 0.090625
34 0.8515625 0.275 0.071875 0.0953125
5 0.35703125 0.609375 0.05859375 0.09453125
27 0.18125 0.43984375 0.0671875 0.09453125
2 0.62578125 0.609375 0.059375 0.09375
32 0.66796875 0.27890625 0.08828125 0.10625
0 0.09296875 0.61328125 0.05859375 0.09296875
28 0.27578125 0.43671875 0.059375 0.1015625
16 0.61328125 0.78359375 0.06328125 0.10078125
35 0.09140625 0.434375 0.065625 0.09609375
6 0.45 0.6109375 0.05859375 0.0953125
7 0.7171875 0.60859375 0.06015625 0.09296875
25 0.4640625 0.284375 0.06171875 0.096875
22 0.1734375 0.27421875 0.08359375 0.1046875
20 0.8875 0.434375 0.06953125 0.1
31 0.5421875 0.4359375 0.0640625 0.09921875
8 0.80390625 0.61328125 0.06015625 0.0875
23 0.278125 0.27578125 0.0671875 0.1015625
9 0.71640625 0.4390625 0.0609375 0.103125
15 0.528125 0.7828125 0.053125 0.0953125