33 0.75390625 0.23359375 0.0578125 0.0953125
27 0.18359375 0.4015625 0.0640625 0.0984375
15 0.56015625 0.7453125 0.0546875 0.0859375
12 0.2828125 0.74609375 0.06640625 0.09296875
0 0.08359375 0.5703125 0.04921875 0.090625
4 0.49296875 0.56640625 0.04765625 0.09453125
28 0.27265625 0.39375 0.05703125 0.10234375
7 0.65546875 0.5734375 0.04296875 0.0890625
6 0.409375 0.5703125 0.0484375 0.09375
29 0.36484375 0.39453125 0.06015625 0.09375
8 0.7390625 0.575 0.046875 0.084375
5 0.328125 0.56953125 0.05078125 0.09765625
2 0.571875 0.5703125 0.05 0.1
30 0.45625 0.39453125 0.06328125 0.09296875
32 0.653125 0.23828125 0.07890625 0.08984375
9 0.6421875 0.3953125 0.05 0.09453125
13 0.378125 0.74296875 0.0640625 0.1
35 0.08828125 0.396875 0.06015625 0.0984375
3 0.24609375 0.56875 0.0484375 0.09375
10 0.0921875 0.74453125 0.0703125 0.11328125
23 0.25234375 0.2328125 0.0625 0.09375
11 0.18359375 0.74609375 0.06015625 0.0953125
1 0.16171875 0.57109375 0.0359375 0.090625
33 0.8171875 0.3921875 0.059375 0.09296875
22 0.14921875 0.2328125 0.07265625 0.09296875
14 0.4703125 0.7421875 0.059375 0.09140625
16 0.65625 0.74609375 0.06328125 0.09140625
34 0.84921875 0.234375 0.059375 0.0984375
18 0.07109375 0.2375 0.046875 0.0921875
24 0.35078125 0.2359375 0.07421875 0.0875
25 0.446875 0.240625 0.07890625 0.090625
26 0.5515625 0.24296875 0.0890625 0.07734375
31 0.55078125 0.39375 0.06171875 0.08515625
19 0.7234375 0.39921875 0.0578125 0.08984375
21 0.8171875 0.5703125 0.075 0.0890625
17 0.7515625 0.74609375 0.0765625 0.096875