4 0.22578125 0.5515625 0.04765625 0.08125
6 0.146875 0.55390625 0.04765625 0.0859375
30 0.3453125 0.3875 0.0546875 0.08203125
33 0.725 0.2203125 0.0625 0.08828125
2 0.3046875 0.553125 0.046875 0.0828125
7 0.38671875 0.5515625 0.040625 0.0796875
13 0.92578125 0.55234375 0.0578125 0.08671875
14 0.0703125 0.72109375 0.05546875 0.08515625
8 0.46640625 0.5546875 0.04375 0.08203125
0 0.78515625 0.38515625 0.046875 0.0828125
3 0.95 0.38359375 0.04921875 0.0859375
34 0.8234375 0.21875 0.05703125 0.08515625
23 0.2328125 0.21875 0.059375 0.08203125
5 0.059375 0.55390625 0.046875 0.0875
29 0.25390625 0.38671875 0.05859375 0.0796875
1 0.86640625 0.38359375 0.034375 0.0796875
22 0.1328125 0.21875 0.071875 0.0828125
15 0.15546875 0.71484375 0.05546875 0.0828125
17 0.34375 0.72421875 0.06171875 0.0828125
9 0.52890625 0.390625 0.04453125 0.08515625
35 0.90703125 0.21875 0.06328125 0.08515625
31 0.440625 0.384375 0.06171875 0.078125
18 0.04921875 0.2171875 0.053125 0.0953125
24 0.3296875 0.21796875 0.07109375 0.0859375
25 0.4265625 0.21953125 0.06953125 0.08671875
26 0.52890625 0.2203125 0.08046875 0.09375
32 0.62578125 0.215625 0.08671875 0.0859375
27 0.0734375 0.38671875 0.0703125 0.08984375
28 0.165625 0.38359375 0.06640625 0.08359375
19 0.6140625 0.384375 0.0515625 0.0859375
20 0.6953125 0.3890625 0.0640625 0.0890625
21 0.553125 0.5546875 0.0734375 0.08828125
10 0.6421875 0.5546875 0.0703125 0.07890625
11 0.7328125 0.5484375 0.07265625 0.0828125
12 0.8328125 0.5515625 0.08125 0.0890625
16 0.25 0.7171875 0.07265625 0.0875