33 0.8546875 0.26015625 0.07578125 0.09765625
30 0.56875 0.41875 0.07890625 0.1
35 0.1890625 0.4203125 0.071875 0.09375
17 0.8 0.7546875 0.08671875 0.103125
5 0.32890625 0.575 0.0515625 0.103125
0 0.090625 0.578125 0.0640625 0.1015625
13 0.38828125 0.75390625 0.07734375 0.11015625
34 0.09296875 0.42109375 0.071875 0.09765625
6 0.41484375 0.5765625 0.05859375 0.10390625
2 0.58125 0.58203125 0.059375 0.09609375
12 0.28828125 0.7578125 0.071875 0.0984375
32 0.73046875 0.25546875 0.10859375 0.09140625
4 0.49609375 0.58203125 0.05078125 0.09296875
22 0.190625 0.253125 0.09765625 0.09921875
29 0.4671875 0.415625 0.06953125 0.109375
1 0.16796875 0.578125 0.034375 0.09921875
8 0.75078125 0.58125 0.05390625 0.0859375
29 0.890625 0.7484375 0.0484375 0.10625
1 0.084375 0.25546875 0.059375 0.10390625
1 0.84765625 0.57578125 0.07109375 0.10234375
16 0.68984375 0.75625 0.07578125 0.09609375
9 0.8703125 0.4171875 0.05859375 0.0984375
7 0.66484375 0.5796875 0.05390625 0.08515625