4 0.5328125 0.5609375 0.0703125 0.1015625
17 0.69765625 0.740625 0.06796875 0.09453125
3 0.2640625 0.56328125 0.0625 0.096875
13 0.35078125 0.74140625 0.0640625 0.10078125
30 0.4453125 0.3953125 0.06875 0.0984375
11 0.1765625 0.7421875 0.06484375 0.09765625
1 0.18125 0.56328125 0.06171875 0.1015625
28 0.27109375 0.39375 0.0625 0.0984375
21 0.61796875 0.39375 0.0578125 0.0859375
33 0.76484375 0.23515625 0.06640625 0.0953125
15 0.52421875 0.740625 0.05625 0.09765625
27 0.17734375 0.38984375 0.06875 0.09453125
0 0.08984375 0.56796875 0.06328125 0.09375
34 0.84921875 0.23203125 0.07109375 0.09453125
7 0.70859375 0.56484375 0.0640625 0.103125
29 0.35859375 0.39296875 0.0625 0.09765625
6 0.4453125 0.5609375 0.06328125 0.09921875
16 0.60859375 0.73984375 0.0671875 0.1
20 0.79609375 0.39140625 0.071875 0.10078125
10 0.0890625 0.74140625 0.07265625 0.10703125
1 0.88359375 0.5625 0.05546875 0.0953125
32 0.803125 0.7421875 0.09296875 0.09375
8 0.796875 0.56484375 0.0640625 0.09453125
12 0.2640625 0.73828125 0.06015625 0.0875
22 0.17265625 0.234375 0.0828125 0.10078125
21 0.8765625 0.3953125 0.0671875 0.096875
32 0.665625 0.2390625 0.08671875 0.10234375
25 0.46328125 0.2359375 0.06484375 0.096875
5 0.353125 0.56484375 0.06328125 0.10546875
2 0.62109375 0.5640625 0.0671875 0.10390625
23 0.27734375 0.2375 0.06875 0.09921875
31 0.53203125 0.40234375 0.06796875 0.09921875
14 0.440625 0.73671875 0.05703125 0.09921875
19 0.08125 0.22890625 0.05625 0.09296875
24 0.3734375 0.2296875 0.0703125 0.0828125
26 0.559375 0.24296875 0.07890625 0.11484375
35 0.08984375 0.3921875 0.07109375 0.0953125
31 0.5375 0.396875 0.07265625 0.0984375
9 0.7 0.39375 0.0796875 0.1046875
18 0.89375 0.740625 0.059375 0.103125