33 0.11875 0.659375 0.04140625 0.05546875
9 0.91640625 0.66875 0.04609375 0.07578125
32 0.0515625 0.659375 0.0625 0.06015625
0 0.8671875 0.79296875 0.03125 0.059375
31 0.17109375 0.4140625 0.04453125 0.04609375
31 0.059375 0.790625 0.06640625 0.05859375
32 0.55 0.41796875 0.05859375 0.0546875
32 0.553125 0.6609375 0.0609375 0.05703125
0 0.85 0.659375 0.04296875 0.06015625
31 0.053125 0.41875 0.053125 0.0484375
33 0.6109375 0.41796875 0.03984375 0.053125
33 0.62109375 0.6609375 0.0421875 0.05546875
34 0.16796875 0.6578125 0.0390625 0.0546875
1 0.79375 0.65703125 0.025 0.05546875
35 0.2203125 0.6578125 0.03671875 0.0578125
4 0.43515625 0.2109375 0.0375 0.05234375
31 0.05546875 0.3234375 0.0640625 0.04921875
35 0.23671875 0.78984375 0.0453125 0.0578125
35 0.1265625 0.790625 0.04453125 0.05625
34 0.18125 0.7890625 0.040625 0.05546875
9 0.85078125 0.215625 0.03984375 0.06796875