13 0.05859375 0.0859375 0.0484375 0.0703125
5 0.584375 0.646875 0.05390625 0.09609375
12 0.18359375 0.92734375 0.0265625 0.0390625
10 0.0890625 0.6453125 0.0703125 0.09375
8 0.35703125 0.46328125 0.03984375 0.0671875
13 0.578125 0.2296875 0.03515625 0.05234375
4 0.4046875 0.46484375 0.0421875 0.07421875
14 0.1484375 0.64296875 0.05546875 0.084375
12 0.63359375 0.8921875 0.034375 0.05546875
10 0.07890625 0.4640625 0.0578125 0.0734375
14 0.13046875 0.4609375 0.04453125 0.0671875
15 0.2765625 0.92578125 0.02265625 0.040625
2 0.36015625 0.6390625 0.05703125 0.08671875
22 0.3390625 0.08984375 0.06796875 0.07421875
35 0.06484375 0.925 0.03046875 0.03984375
2 0.31171875 0.46328125 0.03984375 0.06640625
28 0.17734375 0.46015625 0.0453125 0.06875
2 0.2625 0.63984375 0.05546875 0.08671875
23 0.79140625 0.23203125 0.04140625 0.053125
10 0.571875 0.309375 0.0359375 0.04453125
10 0.0578125 0.2703125 0.04453125 0.046875
21 0.5734375 0.48046875 0.05078125 0.0609375