12 0.28359375 0.7578125 0.078125 0.09921875
15 0.565625 0.75625 0.0609375 0.10390625
27 0.18359375 0.41796875 0.065625 0.103125
17 0.76328125 0.76015625 0.071875 0.09609375
33 0.790625 0.25625 0.0609375 0.10078125
30 0.44375 0.41484375 0.06640625 0.1
13 0.384375 0.75546875 0.075 0.1078125
8 0.76640625 0.58515625 0.05546875 0.09140625
10 0.09453125 0.7546875 0.07265625 0.115625
29 0.3546875 0.4109375 0.05703125 0.09765625
16 0.66171875 0.75625 0.075 0.09609375
3 0.25859375 0.58359375 0.0609375 0.10078125
22 0.1640625 0.2546875 0.078125 0.09921875
14 0.4796875 0.7578125 0.0625 0.10234375
5 0.34375 0.58203125 0.06015625 0.10703125
32 0.6859375 0.2515625 0.10625 0.090625
1 0.17734375 0.58203125 0.0453125 0.0984375
23 0.26796875 0.25390625 0.07265625 0.10078125
28 0.26953125 0.41171875 0.0640625 0.109375
11 0.184375 0.759375 0.06171875 0.1015625
7 0.6828125 0.5875 0.053125 0.09921875
0 0.09140625 0.5859375 0.05703125 0.0921875
35 0.09140625 0.41484375 0.06484375 0.1
6 0.43203125 0.5828125 0.06015625 0.10234375
25 0.47109375 0.25859375 0.05859375 0.10078125
9 0.71171875 0.41171875 0.06015625 0.09453125
10 0.63125 0.415625 0.0703125 0.10390625
34 0.88046875 0.2546875 0.06484375 0.1046875
2 0.59765625 0.58671875 0.06015625 0.109375
4 0.51328125 0.58671875 0.059375 0.10234375
26 0.5703125 0.265625 0.0765625 0.115625
31 0.53828125 0.41484375 0.06640625 0.096875
18 0.07734375 0.2578125 0.05859375 0.1015625
24 0.375 0.24921875 0.08515625 0.08984375
18 0.8453125 0.7625 0.0484375 0.1046875