0 0.24375 0.928125 0.05078125 0.10234375
0 0.73125 0.9296875 0.0515625 0.09765625
32 0.3921875 0.74296875 0.1 0.09375
18 0.03984375 0.065625 0.0390625 0.09296875
19 0.09140625 0.07734375 0.03515625 0.11328125
24 0.17421875 0.06875 0.08203125 0.0953125
26 0.27421875 0.07265625 0.0859375 0.1109375
32 0.38671875 0.06484375 0.1078125 0.0953125
18 0.47890625 0.06484375 0.03828125 0.0921875
19 0.534375 0.07734375 0.04375 0.11328125
24 0.609375 0.06328125 0.08125 0.0921875
26 0.7125 0.0703125 0.08359375 0.09921875
32 0.8234375 0.06484375 0.103125 0.0875
32 0.91328125 0.0671875 0.0359375 0.08984375
19 0.96328125 0.0703125 0.0390625 0.08671875
24 0.0578125 0.2203125 0.075 0.0859375
26 0.15234375 0.225 0.0765625 0.103125
32 0.24609375 0.22109375 0.09453125 0.0875
18 0.33125 0.2171875 0.0359375 0.08125
19 0.37734375 0.2234375 0.03828125 0.08828125
24 0.446875 0.221875 0.06484375 0.08515625
26 0.53671875 0.22734375 0.08046875 0.096875
32 0.63671875 0.21953125 0.1 0.0875
18 0.04140625 0.3875 0.04296875 0.08984375
19 0.10078125 0.38515625 0.03984375 0.0953125
24 0.1796875 0.3875 0.0765625 0.09609375
26 0.27265625 0.39765625 0.075 0.1015625
32 0.37734375 0.3859375 0.08984375 0.08203125
18 0.4640625 0.39140625 0.04375 0.09296875
18 0.03828125 0.54296875 0.04375 0.08359375
18 0.421875 0.5421875 0.0296875 0.09375
18 0.040625 0.74375 0.03671875 0.10234375
18 0.48359375 0.7421875 0.0359375 0.0984375
18 0.0484375 0.92265625 0.03359375 0.11171875
19 0.14765625 0.9234375 0.04765625 0.1015625
18 0.534375 0.925 0.03828125 0.109375
19 0.6359375 0.92421875 0.0484375 0.103125
19 0.09140625 0.55078125 0.03359375 0.09921875
19 0.096875 0.74609375 0.04765625 0.09921875
19 0.53828125 0.746875 0.04375 0.10078125
19 0.46796875 0.54921875 0.0484375 0.103125
19 0.52265625 0.38984375 0.04375 0.09296875
24 0.6015625 0.38984375 0.0765625 0.08984375
24 0.5390625 0.54453125 0.06875 0.0859375
24 0.15546875 0.54453125 0.07109375 0.078125
24 0.1765625 0.74375 0.078125 0.0859375
24 0.61953125 0.7453125 0.08203125 0.096875
26 0.7 0.40078125 0.08203125 0.1046875
26 0.24609375 0.553125 0.08125 0.0953125
26 0.62890625 0.55 0.084375 0.09375
26 0.28203125 0.75234375 0.0828125 0.1109375
26 0.7234375 0.753125 0.0828125 0.1140625
26 0.33984375 0.9328125 0.0609375 0.09921875
26 0.8265625 0.9296875 0.0609375 0.10234375
32 0.8015625 0.390625 0.08984375 0.08359375
32 0.340625 0.546875 0.0859375 0.07578125
32 0.725 0.5421875 0.0890625 0.07421875
32 0.834375 0.74375 0.10859375 0.08984375
32 0.43828125 0.9265625 0.0703125 0.09296875
32 0.92578125 0.925 0.0609375 0.096875