30 0.43359375 0.41484375 0.065625 0.08671875
13 0.74765625 0.56015625 0.0734375 0.0890625
0 0.80546875 0.41015625 0.0609375 0.0890625
16 0.05859375 0.71484375 0.078125 0.10078125
4 0.2140625 0.55859375 0.05546875 0.084375
9 0.71875 0.415625 0.0609375 0.09296875
6 0.13125 0.5578125 0.0609375 0.096875
7 0.375 0.5640625 0.05546875 0.084375
5 0.9578125 0.41171875 0.0546875 0.08828125
22 0.15625 0.24375 0.09296875 0.08984375
29 0.32421875 0.41328125 0.06953125 0.08515625
2 0.29296875 0.559375 0.06015625 0.0859375
31 0.53046875 0.4140625 0.0625 0.08515625
1 0.8796875 0.41328125 0.0390625 0.084375
21 0.06328125 0.2453125 0.08671875 0.08125
23 0.278125 0.24375 0.09140625 0.096875
24 0.38125 0.24453125 0.0796875 0.08671875
25 0.475 0.24609375 0.07265625 0.09609375
26 0.57890625 0.2546875 0.09296875 0.1203125
32 0.6921875 0.24375 0.1203125 0.096875
33 0.8046875 0.2484375 0.0875 0.0953125
34 0.90703125 0.24375 0.08671875 0.096875
35 0.053125 0.40859375 0.06640625 0.09609375
35 0.153125 0.4125 0.07890625 0.09609375
28 0.24453125 0.4078125 0.06171875 0.1015625
20 0.6265625 0.409375 0.0890625 0.09140625
5 0.046875 0.56171875 0.0734375 0.0984375
5 0.4546875 0.5609375 0.0703125 0.0921875
11 0.54921875 0.55859375 0.07734375 0.09609375
12 0.6453125 0.5609375 0.0765625 0.0953125
14 0.85234375 0.5640625 0.08359375 0.09453125
15 0.94296875 0.5625 0.07734375 0.08828125
17 0.171875 0.70859375 0.0859375 0.096875
18 0.25625 0.7109375 0.04296875 0.096875
19 0.32890625 0.7125 0.06015625 0.11328125
10 0.41640625 0.715625 0.08046875 0.0984375