17 0.49453125 0.78203125 0.06953125 0.0984375
12 0.88125 0.58984375 0.0734375 0.096875
15 0.2921875 0.77578125 0.06328125 0.103125
27 0.1890625 0.4 0.0734375 0.1109375
30 0.4734375 0.3953125 0.0671875 0.10390625
33 0.7953125 0.203125 0.06640625 0.1015625
13 0.1 0.7734375 0.07265625 0.1078125
10 0.6859375 0.5875 0.07265625 0.1078125
11 0.7828125 0.590625 0.06328125 0.0984375
3 0.090625 0.5859375 0.0578125 0.09296875
22 0.15078125 0.203125 0.08125 0.10625
20 0.7234375 0.77421875 0.06875 0.11015625
9 0.6640625 0.3984375 0.05546875 0.0953125
28 0.284375 0.39375 0.065625 0.10859375
29 0.37890625 0.39375 0.0609375 0.10078125
35 0.09140625 0.39296875 0.06484375 0.10703125
19 0.63828125 0.78046875 0.04921875 0.10390625
6 0.25703125 0.5828125 0.05625 0.0984375
32 0.68828125 0.20859375 0.096875 0.096875
21 0.81484375 0.77890625 0.0671875 0.10234375
4 0.340625 0.58671875 0.05390625 0.1046875
1 0.83359375 0.3921875 0.03984375 0.103125
34 0.89609375 0.20234375 0.06796875 0.10703125
5 0.17578125 0.5828125 0.05859375 0.10078125
2 0.4265625 0.58671875 0.05703125 0.11015625
23 0.265625 0.20703125 0.071875 0.10625
14 0.19921875 0.77890625 0.0703125 0.10859375
16 0.38515625 0.7765625 0.07734375 0.096875
8 0.59140625 0.5875 0.05703125 0.0953125
7 0.5140625 0.5859375 0.0515625 0.10546875
31 0.57109375 0.3984375 0.06875 0.0984375
0 0.7484375 0.3984375 0.0546875 0.0953125
26 0.57265625 0.2109375 0.0765625 0.1046875
24 0.36953125 0.2046875 0.0828125 0.1
25 0.46796875 0.2046875 0.07734375 0.1
18 0.07578125 0.2015625 0.0375 0.10625