12 0.290625 0.73984375 0.071875 0.1015625
14 0.50078125 0.74453125 0.07265625 0.09921875
11 0.190625 0.74453125 0.07421875 0.0984375
35 0.19296875 0.40859375 0.071875 0.10078125
13 0.39296875 0.7453125 0.08359375 0.10078125
8 0.7484375 0.56953125 0.06484375 0.0984375
17 0.79765625 0.74609375 0.09296875 0.096875
30 0.5703125 0.4109375 0.08203125 0.09609375
22 0.1765625 0.25078125 0.09296875 0.0859375
16 0.6859375 0.74375 0.08203125 0.1015625
10 0.09765625 0.74140625 0.0703125 0.08984375
33 0.83828125 0.25 0.07890625 0.1
28 0.3828125 0.409375 0.0640625 0.096875
27 0.2921875 0.41015625 0.07265625 0.10390625
2 0.5796875 0.56640625 0.06015625 0.096875
5 0.33203125 0.5703125 0.0578125 0.09609375
23 0.2984375 0.25 0.075 0.0953125
32 0.71484375 0.24921875 0.10859375 0.09453125
29 0.4671875 0.40859375 0.075 0.1
6 0.409375 0.56953125 0.0578125 0.0984375
34 0.0984375 0.40859375 0.07265625 0.10078125
1 0.17265625 0.5671875 0.0453125 0.1046875
7 0.66484375 0.56640625 0.06015625 0.10078125
15 0.59765625 0.7421875 0.06796875 0.09296875
0 0.09609375 0.5671875 0.065625 0.1015625
25 0.49921875 0.2515625 0.06796875 0.09765625
4 0.49765625 0.56796875 0.05703125 0.10078125
31 0.6703125 0.4078125 0.0765625 0.10078125
5 0.24921875 0.56953125 0.05859375 0.0953125
25 0.59609375 0.2625 0.08828125 0.11953125
13 0.39375 0.253125 0.07421875 0.08359375
10 0.7671875 0.4140625 0.08828125 0.08515625
9 0.85625 0.4109375 0.071875 0.08359375
18 0.0828125 0.2453125 0.0515625 0.1015625
18 0.88828125 0.7484375 0.053125 0.1078125