4 0.503125 0.54296875 0.0625 0.09375
27 0.0546875 0.378125 0.0640625 0.09375
13 0.3421875 0.70703125 0.06640625 0.0953125
5 0.31875 0.54140625 0.05703125 0.09921875
33 0.775 0.234375 0.071875 0.09609375
30 0.33359375 0.3828125 0.06484375 0.09609375
6 0.4109375 0.54296875 0.0578125 0.096875
3 0.22734375 0.54296875 0.0546875 0.09453125
8 0.77421875 0.54453125 0.05859375 0.096875
2 0.590625 0.54296875 0.0609375 0.09296875
28 0.1453125 0.38203125 0.05625 0.0984375
22 0.12734375 0.2359375 0.0859375 0.09296875
0 0.0484375 0.54296875 0.0515625 0.09140625
17 0.74609375 0.7046875 0.13125 0.10546875
35 0.95859375 0.2296875 0.06328125 0.09453125
14 0.44140625 0.7 0.059375 0.090625
32 0.66015625 0.23359375 0.11015625 0.09609375
16 0.62265625 0.70234375 0.0640625 0.096875
12 0.24921875 0.7046875 0.06328125 0.09453125
25 0.44375 0.23359375 0.06015625 0.0953125
1 0.1375 0.5453125 0.0453125 0.08828125