6 0.3890625 0.565625 0.04375 0.078125
33 0.70234375 0.2640625 0.0578125 0.078125
4 0.46171875 0.56484375 0.046875 0.07578125
30 0.434375 0.41328125 0.0515625 0.075
5 0.31015625 0.56640625 0.04375 0.07734375
7 0.6125 0.56484375 0.0421875 0.07578125
2 0.53984375 0.56640625 0.04609375 0.07890625
8 0.68671875 0.56796875 0.03984375 0.075
22 0.1484375 0.27109375 0.0671875 0.075
23 0.24296875 0.26484375 0.05390625 0.07578125
1 0.16171875 0.56484375 0.040625 0.07265625
29 0.34296875 0.41328125 0.05390625 0.07109375
0 0.084375 0.56640625 0.04609375 0.078125
9 0.59609375 0.41484375 0.046875 0.07734375
34 0.7875 0.26484375 0.05703125 0.078125
3 0.23515625 0.56640625 0.04296875 0.0765625
14 0.44609375 0.71875 0.05234375 0.0796875
2 0.0875 0.41640625 0.05859375 0.078125
31 0.5171875 0.4171875 0.0578125 0.075
18 0.07421875 0.2640625 0.040625 0.0890625
24 0.32890625 0.26171875 0.06796875 0.07734375
25 0.42109375 0.2671875 0.05859375 0.0828125
26 0.5140625 0.2625 0.06953125 0.0796875
32 0.6109375 0.2640625 0.0828125 0.0765625
27 0.171875 0.41796875 0.0734375 0.07734375
28 0.25625 0.4140625 0.0671875 0.0765625
19 0.67421875 0.4140625 0.05234375 0.08203125
19 0.75703125 0.415625 0.0703125 0.07890625
21 0.76796875 0.565625 0.06484375 0.0859375
10 0.090625 0.71640625 0.06640625 0.08125
11 0.178125 0.7125 0.0609375 0.0796875
12 0.26875 0.7140625 0.07265625 0.08203125
13 0.35703125 0.71796875 0.06171875 0.078125
16 0.6140625 0.7125 0.0640625 0.0796875
17 0.69765625 0.715625 0.08046875 0.0859375
15 0.528125 0.71484375 0.06640625 0.084375