33 0.6265625 0.67578125 0.04296875 0.06328125
33 0.6109375 0.3984375 0.0421875 0.05703125
33 0.11953125 0.6734375 0.0421875 0.0609375
34 0.6671875 0.4 0.0421875 0.0546875
34 0.16953125 0.67265625 0.03984375 0.0578125
33 0.10625 0.12578125 0.04140625 0.05703125
32 0.565625 0.2609375 0.07265625 0.05703125
0 0.8625 0.8109375 0.03125 0.06796875
32 0.05078125 0.67421875 0.0625 0.06640625
9 0.915625 0.68046875 0.04609375 0.0796875
34 0.6828125 0.6734375 0.04296875 0.06171875
35 0.74375 0.6734375 0.040625 0.06171875
33 0.59453125 0.12890625 0.046875 0.059375
33 0.48671875 0.40546875 0.0390625 0.0515625
9 0.8484375 0.1328125 0.04296875 0.0703125
34 0.7 0.2640625 0.05390625 0.0546875
0 0.84765625 0.67734375 0.04453125 0.06875
31 0.17265625 0.40078125 0.04296875 0.05390625
32 0.56171875 0.67578125 0.0625 0.0640625
33 0.11796875 0.3984375 0.04375 0.0546875
35 0.22109375 0.67421875 0.0390625 0.0625
32 0.05234375 0.2609375 0.06328125 0.05546875
9 0.875 0.40078125 0.04765625 0.06953125
34 0.521875 0.53984375 0.03671875 0.0515625
32 0.05625 0.81484375 0.06796875 0.06484375
34 0.1828125 0.81015625 0.04375 0.05859375
34 0.6546875 0.1265625 0.04296875 0.059375
17 0.33046875 0.5359375 0.040625 0.06328125
32 0.55 0.4046875 0.06015625 0.059375
35 0.75703125 0.2609375 0.0453125 0.05625
33 0.47734375 0.54140625 0.0359375 0.0546875
22 0.046875 0.5390625 0.0515625 0.059375
0 0.865625 0.2640625 0.04921875 0.0625
35 0.7171875 0.40390625 0.04140625 0.0609375
35 0.221875 0.39765625 0.034375 0.0546875
34 0.17265625 0.265625 0.0453125 0.0546875
34 0.13828125 0.5359375 0.03359375 0.059375
32 0.43125 0.54140625 0.053125 0.05625
32 0.05 0.4046875 0.05625 0.05703125
4 0.434375 0.12734375 0.03671875 0.059375
32 0.0484375 0.125 0.06171875 0.05859375
34 0.153125 0.12421875 0.03984375 0.053125
33 0.1203125 0.2625 0.040625 0.05546875
34 0.2375 0.81015625 0.04140625 0.0578125
33 0.63046875 0.2625 0.05546875 0.0578125