29 0.3546875 0.3953125 0.0578125 0.10234375
30 0.44296875 0.39765625 0.06484375 0.096875
33 0.7921875 0.234375 0.0640625 0.1015625
5 0.3421875 0.57109375 0.0546875 0.09453125
13 0.38515625 0.753125 0.07109375 0.0984375
0 0.090625 0.5765625 0.05390625 0.09453125
2 0.60078125 0.57578125 0.05546875 0.09609375
8 0.76796875 0.57421875 0.05234375 0.08828125
32 0.684375 0.2359375 0.10390625 0.0953125
3 0.25859375 0.57578125 0.05234375 0.090625
28 0.26796875 0.39921875 0.0609375 0.09609375
1 0.78515625 0.39453125 0.03828125 0.0984375
4 0.51328125 0.5703125 0.05703125 0.09765625
23 0.2671875 0.23359375 0.0734375 0.10078125
7 0.68203125 0.57578125 0.05234375 0.0890625
1 0.1671875 0.575 0.0375 0.0890625
14 0.48203125 0.74921875 0.059375 0.09453125
34 0.88203125 0.23515625 0.06484375 0.09765625
12 0.2828125 0.75 0.07265625 0.0953125
1 0.85703125 0.56796875 0.05234375 0.096875
6 0.4296875 0.5703125 0.0578125 0.09765625
10 0.09453125 0.7515625 0.06875 0.0984375
25 0.4703125 0.240625 0.05703125 0.0984375
22 0.1546875 0.23203125 0.0796875 0.1015625
9 0.71171875 0.3984375 0.05390625 0.09453125
1 0.84765625 0.74765625 0.02578125 0.09921875
11 0.18359375 0.75390625 0.0578125 0.090625