17 0.21640625 0.73515625 0.0859375 0.10390625
21 0.5640625 0.73046875 0.07109375 0.10546875
34 0.103125 0.39375 0.0765625 0.10078125
33 0.85390625 0.23359375 0.0859375 0.1015625
16 0.10078125 0.73203125 0.0828125 0.09609375
3 0.26015625 0.55546875 0.04921875 0.103125
30 0.59453125 0.3921875 0.078125 0.1015625
4 0.51640625 0.55234375 0.05625 0.1046875
29 0.4953125 0.39609375 0.06796875 0.10703125
20 0.46328125 0.7328125 0.0890625 0.09453125
26 0.60703125 0.24765625 0.084375 0.11484375
0 0.09140625 0.55546875 0.05390625 0.10390625
22 0.67734375 0.7296875 0.103125 0.096875
28 0.40546875 0.39453125 0.0609375 0.10390625
35 0.20390625 0.3953125 0.0734375 0.09921875
22 0.18203125 0.23359375 0.10078125 0.1
27 0.30625 0.4 0.071875 0.08984375
1 0.1796875 0.5515625 0.03984375 0.10625
5 0.34375 0.5546875 0.0515625 0.1046875
32 0.72421875 0.2328125 0.1015625 0.1015625
2 0.60234375 0.55390625 0.059375 0.1125
19 0.37890625 0.72890625 0.04609375 0.0984375
6 0.4328125 0.5515625 0.053125 0.109375
8 0.77265625 0.55625 0.05390625 0.10078125
7 0.6875 0.55703125 0.053125 0.10234375
15 0.8609375 0.55859375 0.0640625 0.1015625
23 0.296875 0.2328125 0.08359375 0.103125
31 0.703125 0.39765625 0.07578125 0.09921875
25 0.51171875 0.23515625 0.0609375 0.103125
33 0.8078125 0.39921875 0.08671875 0.08671875
23 0.790625 0.7265625 0.08515625 0.09765625
9 0.9015625 0.396875 0.0640625 0.09453125
18 0.084375 0.234375 0.05390625 0.1109375
24 0.4078125 0.2390625 0.09765625 0.10625
18 0.3046875 0.73046875 0.0578125 0.115625
24 0.89453125 0.728125 0.08671875 0.10390625