6 0.9359375 0.35078125 0.08203125 0.1703125
0 0.66484375 0.659375 0.0359375 0.06796875
5 0.33671875 0.384375 0.09296875 0.20859375
17 0.9265625 0.10546875 0.059375 0.08984375
22 0.81953125 0.10390625 0.0859375 0.096875
5 0.17421875 0.384375 0.09375 0.2046875
13 0.421875 0.85546875 0.04765625 0.08359375
11 0.0859375 0.846875 0.04453125 0.07890625
7 0.71640625 0.35 0.09296875 0.175
2 0.11484375 0.08046875 0.03984375 0.06015625
22 0.50078125 0.09375 0.059375 0.065625
17 0.93203125 0.109375 0.07421875 0.08984375
1 0.58203125 0.3578125 0.06796875 0.1609375
21 0.4890625 0.65546875 0.0453125 0.08203125