3 0.16875 0.540625 0.040625 0.0828125
28 0.26484375 0.4109375 0.05234375 0.09453125
30 0.43671875 0.4109375 0.07109375 0.0875
29 0.34609375 0.409375 0.0609375 0.0890625
33 0.77890625 0.28125 0.0734375 0.0921875
6 0.32265625 0.53984375 0.0484375 0.096875
4 0.39609375 0.53828125 0.0484375 0.0921875
23 0.29453125 0.27578125 0.0765625 0.09453125
26 0.56484375 0.2890625 0.071875 0.109375
0 0.790625 0.41015625 0.04765625 0.08828125
23 0.70546875 0.678125 0.075 0.09140625
35 0.090625 0.4125 0.06171875 0.0828125
9 0.7125 0.4125 0.05 0.0875
34 0.87265625 0.28046875 0.07265625 0.09140625
27 0.18203125 0.41328125 0.0640625 0.0859375
25 0.4734375 0.28125 0.05390625 0.0921875
8 0.625 0.5421875 0.046875 0.0875
21 0.5078125 0.68046875 0.06328125 0.09375
1 0.8671875 0.41015625 0.03203125 0.08828125
17 0.196875 0.68515625 0.075 0.08671875
16 0.0953125 0.68046875 0.0671875 0.08984375
22 0.1859375 0.2828125 0.09140625 0.08984375
2 0.4703125 0.53984375 0.0515625 0.09921875
22 0.61015625 0.68203125 0.09140625 0.08828125
31 0.5296875 0.41796875 0.0703125 0.08359375
7 0.546875 0.53984375 0.0484375 0.09296875
13 0.63046875 0.4125 0.0703125 0.08671875
5 0.24453125 0.540625 0.04140625 0.08671875
10 0.78671875 0.5359375 0.06953125 0.0921875
15 0.69765625 0.5390625 0.05703125 0.09296875
32 0.67265625 0.2765625 0.090625 0.09375
15 0.0921875 0.2828125 0.0703125 0.0890625
24 0.3875 0.2796875 0.07265625 0.08828125
31 0.53203125 0.40625 0.07421875 0.08515625
14 0.09453125 0.53984375 0.07421875 0.09609375
11 0.87734375 0.5375 0.07109375 0.0921875
18 0.2734375 0.684375 0.0453125 0.0859375
19 0.334375 0.68359375 0.05390625 0.096875
20 0.41328125 0.684375 0.07421875 0.09453125
14 0.8 0.68671875 0.06015625 0.090625
12 0.8875 0.6796875 0.0671875 0.0828125