17 0.69765625 0.7421875 0.06640625 0.09453125
4 0.5328125 0.56171875 0.06953125 0.10390625
3 0.26953125 0.5640625 0.0640625 0.09921875
13 0.35078125 0.7421875 0.0640625 0.103125
30 0.44609375 0.39609375 0.06796875 0.09765625
20 0.86875 0.74296875 0.07265625 0.0984375
28 0.2703125 0.3921875 0.06171875 0.10625
33 0.76015625 0.2328125 0.06796875 0.09375
11 0.1765625 0.7421875 0.06328125 0.0984375
0 0.0890625 0.56796875 0.06328125 0.096875
10 0.0828125 0.74140625 0.0734375 0.1046875
1 0.18046875 0.56328125 0.06171875 0.10390625
29 0.35703125 0.3953125 0.0609375 0.1015625
15 0.52421875 0.740625 0.0546875 0.1
21 0.79453125 0.3984375 0.05390625 0.09609375
22 0.890625 0.3953125 0.0859375 0.096875
32 0.6609375 0.240625 0.084375 0.1
34 0.84609375 0.23515625 0.075 0.09453125
12 0.26484375 0.734375 0.06328125 0.0984375
7 0.7125 0.5640625 0.0640625 0.1046875
16 0.6078125 0.7421875 0.071875 0.09609375
27 0.1828125 0.39140625 0.07109375 0.1
25 0.459375 0.23828125 0.06484375 0.096875
22 0.17578125 0.23828125 0.084375 0.096875
23 0.271875 0.2375 0.06796875 0.09921875
2 0.62265625 0.56328125 0.0671875 0.10859375
6 0.44453125 0.56015625 0.0640625 0.1046875
35 0.0875 0.38828125 0.0640625 0.10390625
5 0.35546875 0.56640625 0.0625 0.10703125
31 0.53984375 0.4 0.06484375 0.10078125
10 0.625 0.39375 0.06953125 0.09765625
26 0.553125 0.24765625 0.07421875 0.1140625
31 0.534375 0.39375 0.07890625 0.0921875
9 0.7109375 0.39921875 0.07578125 0.0984375
8 0.79921875 0.5625 0.07734375 0.09296875
8 0.265625 0.7359375 0.0703125 0.096875
14 0.4390625 0.7390625 0.07265625 0.090625
18 0.084375 0.23046875 0.06640625 0.10234375
24 0.365625 0.23359375 0.07421875 0.08359375
19 0.8828125 0.56328125 0.0640625 0.09921875
18 0.784375 0.73671875 0.0734375 0.103125