30 0.51875 0.42734375 0.0640625 0.08515625
1 0.0953125 0.61484375 0.04296875 0.084375
33 0.80703125 0.2375 0.06953125 0.09609375
8 0.6625 0.61640625 0.05546875 0.09375
6 0.340625 0.61484375 0.0578125 0.09921875
4 0.421875 0.61953125 0.05703125 0.08984375
9 0.7546875 0.43203125 0.05546875 0.09921875
3 0.1796875 0.615625 0.05390625 0.090625
7 0.57890625 0.61640625 0.0515625 0.08828125
5 0.253125 0.61875 0.05703125 0.09921875
35 0.178125 0.42890625 0.06484375 0.0890625
17 0.7140625 0.81328125 0.065625 0.090625
13 0.3703125 0.80625 0.0640625 0.0921875
31 0.60703125 0.428125 0.06953125 0.0890625
14 0.4609375 0.80703125 0.0484375 0.08828125
2 0.50078125 0.61796875 0.05859375 0.08984375
32 0.69765625 0.23828125 0.0984375 0.08984375
0 0.8359375 0.43046875 0.053125 0.0953125
29 0.4296875 0.42734375 0.0609375 0.0875
22 0.1953125 0.2375 0.0859375 0.08828125
16 0.6234375 0.81484375 0.06796875 0.09765625
21 0.0921875 0.2359375 0.0703125 0.0828125
23 0.303125 0.2390625 0.07890625 0.08984375
25 0.4984375 0.2390625 0.06328125 0.07734375
26 0.5890625 0.2484375 0.0765625 0.10390625
34 0.0984375 0.42421875 0.0703125 0.09453125
27 0.2671875 0.4296875 0.0828125 0.09140625
28 0.34765625 0.428125 0.06796875 0.08203125
19 0.68125 0.428125 0.0421875 0.08984375
20 0.74375 0.615625 0.07265625 0.09921875
10 0.10625 0.81171875 0.07265625 0.0734375
11 0.19375 0.8140625 0.06015625 0.078125
12 0.27734375 0.809375 0.07109375 0.075
15 0.5390625 0.80625 0.05703125 0.08828125
24 0.4 0.23671875 0.07578125 0.0859375
18 0.79140625 0.815625 0.04296875 0.0859375