12 0.29375 0.73203125 0.0734375 0.1
30 0.5765625 0.40546875 0.08359375 0.096875
17 0.79921875 0.73828125 0.090625 0.09609375
21 0.1 0.24765625 0.07421875 0.1
13 0.39453125 0.73828125 0.08515625 0.0953125
29 0.47578125 0.40390625 0.07421875 0.10234375
11 0.196875 0.7359375 0.07265625 0.1046875
35 0.196875 0.4078125 0.075 0.10078125
22 0.2046875 0.2453125 0.1015625 0.09140625
27 0.2953125 0.40859375 0.0734375 0.1015625
20 0.87265625 0.5640625 0.078125 0.10625
16 0.68984375 0.7375 0.0796875 0.0984375
5 0.33203125 0.56640625 0.0703125 0.09140625
14 0.5 0.73671875 0.07265625 0.1
32 0.703125 0.2484375 0.10703125 0.09296875
28 0.3875 0.40546875 0.06796875 0.09921875
23 0.3015625 0.24765625 0.078125 0.1
31 0.90390625 0.73359375 0.07265625 0.103125
34 0.09921875 0.40703125 0.07734375 0.09921875
10 0.096875 0.73515625 0.0671875 0.08828125
2 0.5484375 0.56875 0.06328125 0.09765625
5 0.24921875 0.56953125 0.0546875 0.090625
33 0.81875 0.24609375 0.07265625 0.09765625
4 0.46953125 0.5671875 0.05703125 0.0890625
1 0.175 0.5640625 0.04609375 0.10234375
8 0.70390625 0.5640625 0.0578125 0.08984375
0 0.1015625 0.56796875 0.0703125 0.09453125
1 0.90390625 0.2484375 0.04921875 0.09765625
25 0.58984375 0.2625 0.08125 0.13046875
7 0.62578125 0.56171875 0.05625 0.09921875
22 0.69140625 0.41015625 0.1015625 0.1
24 0.40703125 0.25078125 0.08671875 0.08671875
25 0.5 0.24765625 0.07265625 0.09296875
25 0.8046875 0.40859375 0.07578125 0.0921875
9 0.89140625 0.409375 0.06796875 0.09140625
19 0.7796875 0.56796875 0.0578125 0.08984375
19 0.396875 0.565625 0.0609375 0.09453125
15 0.59375 0.7359375 0.0671875 0.0921875