11 0.2546875 0.1859375 0.0953125 0.0875
12 0.5109375 0.15546875 0.0796875 0.07734375
13 0.7453125 0.1265625 0.0890625 0.0765625
15 0.26875 0.30859375 0.08515625 0.08359375
16 0.521875 0.2875 0.0859375 0.07265625
17 0.7671875 0.25546875 0.0828125 0.08203125
18 0.0421875 0.4765625 0.0828125 0.0890625
19 0.296875 0.44609375 0.07421875 0.08359375
20 0.5296875 0.4125 0.08828125 0.08515625
21 0.7875 0.38984375 0.0890625 0.08359375
22 0.05703125 0.60546875 0.09921875 0.08203125
23 0.30703125 0.578125 0.08671875 0.07890625
24 0.553125 0.54375 0.0859375 0.07578125
25 0.78984375 0.5125 0.08359375 0.0796875
26 0.0640625 0.7328125 0.0890625 0.0765625
27 0.3234375 0.69921875 0.0828125 0.078125
28 0.56484375 0.67421875 0.08359375 0.078125
29 0.8046875 0.6390625 0.0828125 0.08203125
30 0.0875 0.8546875 0.09765625 0.0796875
31 0.32890625 0.8265625 0.09296875 0.08203125
32 0.57890625 0.79375 0.11796875 0.0796875
33 0.81875 0.77265625 0.109375 0.08125
35 0.3546875 0.95390625 0.10078125 0.0734375