36 0.8453125 0.26484375 0.03125 0.05859375
36 0.51953125 0.2734375 0.0546875 0.04140625
36 0.11640625 0.2734375 0.03046875 0.04296875
36 0.815625 0.40625 0.0421875 0.05703125
36 0.29296875 0.26484375 0.0359375 0.06015625
36 0.1765625 0.26484375 0.0375 0.06171875
36 0.72421875 0.5484375 0.05703125 0.05859375
36 0.59375 0.27265625 0.03203125 0.040625
36 0.88125 0.5484375 0.0546875 0.05703125
36 0.35625 0.27421875 0.034375 0.0421875
36 0.34140625 0.6875 0.03359375 0.05703125
36 0.46171875 0.68671875 0.03828125 0.0578125
36 0.41875 0.2640625 0.0296875 0.06015625
36 0.7203125 0.28203125 0.03671875 0.0609375
36 0.578125 0.4140625 0.0515625 0.04140625
36 0.184375 0.54921875 0.04609375 0.05703125
36 0.709375 0.84453125 0.03515625 0.059375
36 0.31015625 0.5484375 0.0296875 0.05703125
36 0.88125 0.40546875 0.0328125 0.05859375
36 0.11640625 0.5484375 0.04765625 0.059375
36 0.80546875 0.5484375 0.0453125 0.0578125
36 0.52421875 0.84453125 0.03359375 0.059375
36 0.271875 0.69375 0.0546875 0.07421875
36 0.75546875 0.41328125 0.03203125 0.040625
36 0.515625 0.415625 0.0375 0.0421875
36 0.31328125 0.41328125 0.025 0.04296875
36 0.23671875 0.27421875 0.0328125 0.04375
36 0.6484375 0.68984375 0.05 0.0578125
36 0.3640625 0.41015625 0.02265625 0.053125
36 0.5984375 0.5484375 0.03203125 0.0578125
36 0.46875 0.403125 0.021875 0.059375
36 0.40546875 0.84453125 0.0328125 0.05859375
36 0.21171875 0.425 0.0359375 0.0625
36 0.2359375 0.8453125 0.04140625 0.05703125
36 0.7203125 0.68984375 0.0609375 0.05703125
36 0.69921875 0.425 0.0390625 0.059375
36 0.35 0.84375 0.02265625 0.06015625
36 0.2703125 0.41328125 0.02421875 0.04296875
36 0.41484375 0.41328125 0.03359375 0.04140625
36 0.64453125 0.41328125 0.03203125 0.0421875
36 0.175 0.84375 0.0453125 0.05859375
36 0.37265625 0.5484375 0.05 0.06015625
36 0.78125 0.28125 0.0359375 0.06328125
36 0.2515625 0.54921875 0.028125 0.0578125
36 0.65546875 0.54765625 0.03125 0.0578125
36 0.65703125 0.27421875 0.0390625 0.0421875
36 0.44453125 0.5484375 0.04296875 0.0578125
36 0.54140625 0.546875 0.021875 0.0578125
36 0.40390625 0.6890625 0.03515625 0.06328125
36 0.50234375 0.5484375 0.0171875 0.0578125
36 0.45859375 0.2640625 0.009375 0.059375