36 0.22890625 0.459375 0.03828125 0.04609375
36 0.859375 0.57265625 0.04375 0.06015625
36 0.86015625 0.3375 0.03984375 0.046875
36 0.37578125 0.3375 0.0375 0.046875
36 0.28828125 0.46640625 0.040625 0.0640625
36 0.7984375 0.81875 0.040625 0.06484375
36 0.471875 0.5734375 0.06015625 0.0609375
36 0.4625 0.81796875 0.0421875 0.0640625
36 0.45234375 0.696875 0.0546875 0.06328125
36 0.60078125 0.81796875 0.0390625 0.06484375
36 0.63515625 0.453125 0.0453125 0.06171875
36 0.34765625 0.46015625 0.0375 0.04453125
36 0.259375 0.21640625 0.0375 0.046875
36 0.57265625 0.34609375 0.0390625 0.06484375
36 0.6875 0.33828125 0.03671875 0.04765625
36 0.1578125 0.459375 0.05703125 0.046875
36 0.30859375 0.696875 0.05078125 0.0625
36 0.51953125 0.21640625 0.040625 0.046875
36 0.703125 0.209375 0.034375 0.065625
36 0.33125 0.57265625 0.04921875 0.06171875
36 0.41875 0.4515625 0.05078125 0.0625
36 0.7859375 0.578125 0.0515625 0.07265625
36 0.2015625 0.81953125 0.03984375 0.065625
36 0.56171875 0.45234375 0.04765625 0.0625
36 0.7140625 0.57265625 0.0453125 0.059375
36 0.50859375 0.3453125 0.03984375 0.06484375
36 0.26328125 0.8171875 0.02578125 0.06328125
36 0.2953125 0.3375 0.06328125 0.04609375
36 0.6671875 0.81953125 0.0453125 0.06171875
36 0.5625 0.57265625 0.05546875 0.06171875
36 0.63515625 0.575 0.05078125 0.06484375
36 0.490625 0.4515625 0.04296875 0.06015625
36 0.3265625 0.20859375 0.0375 0.06640625
36 0.53125 0.69765625 0.065625 0.06328125
36 0.33359375 0.81875 0.04140625 0.065625
36 0.43984375 0.3390625 0.0421875 0.046875
36 0.79765625 0.3375 0.03828125 0.04609375
36 0.453125 0.20859375 0.040625 0.06640625
36 0.14453125 0.57265625 0.04765625 0.06015625
36 0.1796875 0.328125 0.034375 0.0671875
36 0.63359375 0.3375 0.02578125 0.04765625
36 0.690625 0.696875 0.05078125 0.0625
36 0.5765625 0.2078125 0.02890625 0.06640625
36 0.63203125 0.22578125 0.040625 0.06484375
36 0.6171875 0.69609375 0.05078125 0.065625
36 0.74140625 0.3328125 0.02578125 0.059375
36 0.23984375 0.6953125 0.04296875 0.06484375
36 0.2296875 0.328125 0.0140625 0.06484375
36 0.71171875 0.45234375 0.04375 0.0609375
36 0.84375 0.45390625 0.05 0.0640625
36 0.7546875 0.209375 0.01484375 0.06171875
36 0.78046875 0.4515625 0.046875 0.0609375
36 0.20546875 0.571875 0.01640625 0.06015625
36 0.125 0.33828125 0.015625 0.08203125