36 0.73515625 0.26484375 0.03828125 0.0625
36 0.61015625 0.25625 0.0375 0.04375
36 0.396875 0.25625 0.040625 0.04453125
36 0.44609375 0.1359375 0.03515625 0.04375
36 0.81796875 0.70390625 0.03828125 0.06171875
36 0.38515625 0.12421875 0.03984375 0.06171875
36 0.50625 0.49140625 0.05078125 0.05859375
36 0.2078125 0.1359375 0.03671875 0.04453125
36 0.290625 0.25625 0.03125 0.04375
36 0.671875 0.26640625 0.0421875 0.06171875
36 0.1078125 0.49140625 0.046875 0.059375
36 0.521875 0.5984375 0.04765625 0.0609375
36 0.26796875 0.12421875 0.0390625 0.0609375
36 0.6078125 0.125 0.04140625 0.0609375
36 0.5796875 0.49140625 0.0515625 0.06015625
36 0.1859375 0.5984375 0.0484375 0.0609375
36 0.8875 0.5984375 0.0515625 0.0609375
36 0.32734375 0.134375 0.0328125 0.04296875
36 0.371875 0.49140625 0.04375 0.06328125
36 0.59375 0.59921875 0.0484375 0.0609375
36 0.32578125 0.60625 0.04921875 0.0765625
36 0.25859375 0.59765625 0.0421875 0.06015625
36 0.17421875 0.4921875 0.04296875 0.0609375
36 0.46015625 0.59765625 0.03671875 0.059375
36 0.6640625 0.5984375 0.05390625 0.0609375
36 0.39609375 0.59765625 0.04609375 0.06015625
36 0.44140625 0.490625 0.053125 0.0609375
36 0.7953125 0.25703125 0.04296875 0.04296875
36 0.496875 0.70390625 0.03671875 0.06171875
36 0.625 0.70546875 0.04140625 0.05625
36 0.115625 0.5984375 0.053125 0.059375
36 0.2375 0.49140625 0.04296875 0.05859375
36 0.48984375 0.38671875 0.0453125 0.06015625
36 0.35859375 0.37890625 0.06484375 0.04296875
36 0.7390625 0.5984375 0.0703125 0.06015625
36 0.69296875 0.70390625 0.03828125 0.0578125
36 0.4671875 0.25703125 0.065625 0.0421875
36 0.88046875 0.490625 0.06484375 0.06015625
36 0.80078125 0.12421875 0.0234375 0.0625
36 0.49921875 0.125 0.0296875 0.0625
36 0.640625 0.49140625 0.0265625 0.05859375
36 0.30078125 0.490625 0.0421875 0.0578125
36 0.546875 0.25546875 0.04296875 0.04375
36 0.82265625 0.5984375 0.0484375 0.0609375
36 0.24296875 0.703125 0.03828125 0.0625
36 0.3421875 0.25078125 0.02890625 0.0546875
36 0.74296875 0.49140625 0.053125 0.059375
36 0.68125 0.49765625 0.0265625 0.07421875
36 0.66015625 0.1234375 0.01875 0.06015625
36 0.23828125 0.25390625 0.034375 0.0421875
36 0.81328125 0.49140625 0.046875 0.06015625
36 0.54921875 0.14296875 0.0390625 0.06328125
36 0.70078125 0.134375 0.01796875 0.07734375
36 0.43125 0.37890625 0.040625 0.04296875
36 0.56171875 0.70546875 0.0359375 0.0640625
36 0.753125 0.125 0.04609375 0.06015625
36 0.75546875 0.70390625 0.040625 0.06015625
36 0.75859375 0.59765625 0.04765625 0.059375