36 0.66640625 0.30703125 0.05625 0.0421875
36 0.59921875 0.30703125 0.0390625 0.04140625
36 0.39375 0.59765625 0.0359375 0.05546875
36 0.88359375 0.59765625 0.04296875 0.05625
36 0.69609375 0.73671875 0.03671875 0.05859375
36 0.65703125 0.59765625 0.05 0.05859375
36 0.459375 0.14296875 0.040625 0.06328125
36 0.0953125 0.4546875 0.0484375 0.05625
36 0.57890625 0.1421875 0.0375 0.0625
36 0.45546875 0.59765625 0.034375 0.0578125
36 0.3953125 0.14921875 0.0328125 0.04296875
36 0.73046875 0.30546875 0.034375 0.040625
36 0.73125 0.596875 0.06171875 0.05625
36 0.8609375 0.4546875 0.06015625 0.05546875
36 0.75625 0.140625 0.03125 0.06015625
36 0.3046875 0.30703125 0.034375 0.040625
36 0.51640625 0.59765625 0.03828125 0.05546875
36 0.7875 0.3125 0.040625 0.0609375
36 0.646875 0.15078125 0.03671875 0.0421875
36 0.49296875 0.4546875 0.0484375 0.06015625
36 0.56640625 0.4546875 0.0421875 0.0546875
36 0.165625 0.4546875 0.03671875 0.05625
36 0.284375 0.15859375 0.0390625 0.059375
36 0.43046875 0.45390625 0.02890625 0.05390625
36 0.38359375 0.734375 0.03828125 0.05703125
36 0.1421875 0.15 0.059375 0.0390625
36 0.57109375 0.73671875 0.03828125 0.05546875
36 0.20703125 0.29609375 0.034375 0.06015625
36 0.81796875 0.159375 0.03828125 0.0609375
36 0.81796875 0.59765625 0.046875 0.05703125
36 0.10234375 0.59609375 0.05078125 0.0546875
36 0.22890625 0.4546875 0.04609375 0.059375
36 0.73125 0.45390625 0.0359375 0.05703125
36 0.3 0.45546875 0.04453125 0.05390625
36 0.2515625 0.59765625 0.03671875 0.0546875
36 0.215625 0.73515625 0.0234375 0.05625
36 0.321875 0.6 0.05625 0.059375
36 0.37265625 0.30703125 0.04140625 0.04140625
36 0.43203125 0.3046875 0.0296875 0.04375
36 0.79296875 0.45390625 0.03515625 0.05625
36 0.8453125 0.30546875 0.0328125 0.03984375
36 0.22109375 0.15859375 0.03828125 0.06015625
36 0.37265625 0.4546875 0.03046875 0.0578125
36 0.15703125 0.7375 0.03828125 0.06015625
36 0.509375 0.734375 0.03828125 0.059375
36 0.3453125 0.15 0.025 0.04140625
36 0.2625 0.7359375 0.0359375 0.0578125
36 0.75 0.5984375 0.0484375 0.05703125
36 0.178125 0.5984375 0.0578125 0.05859375
36 0.4828125 0.29921875 0.02578125 0.053125