36 0.7640625 0.853125 0.03984375 0.059375
36 0.53203125 0.253125 0.03515625 0.0421875
36 0.5828125 0.25390625 0.0390625 0.0421875
36 0.6640625 0.36796875 0.034375 0.0578125
36 0.40546875 0.1328125 0.034375 0.040625
36 0.54140625 0.73046875 0.040625 0.05625
36 0.59765625 0.61015625 0.04140625 0.05625
36 0.42421875 0.73046875 0.046875 0.05859375
36 0.28828125 0.26171875 0.03984375 0.0578125
36 0.54375 0.4890625 0.05 0.05859375
36 0.5890625 0.8515625 0.0390625 0.05859375
36 0.6375 0.25390625 0.03359375 0.04296875
36 0.2828125 0.375 0.034375 0.04296875
36 0.51328125 0.3765625 0.0375 0.04296875
36 0.34296875 0.36796875 0.03359375 0.05859375
36 0.71875 0.3671875 0.03359375 0.05703125
36 0.48359375 0.73125 0.0421875 0.059375
36 0.45625 0.61015625 0.04921875 0.05703125
36 0.7328125 0.61015625 0.03984375 0.05625
36 0.3375 0.1296875 0.05625 0.040625
36 0.43515625 0.25390625 0.03515625 0.0421875
36 0.46640625 0.8515625 0.0375 0.05546875
36 0.4109375 0.48828125 0.04609375 0.05859375
36 0.5296875 0.6109375 0.05546875 0.0578125
36 0.72734375 0.73125 0.04375 0.05703125
36 0.65234375 0.48828125 0.03984375 0.05859375
36 0.33984375 0.2546875 0.03203125 0.04296875
36 0.6640625 0.6171875 0.05546875 0.071875
36 0.45546875 0.36875 0.0359375 0.06015625
36 0.28125 0.73125 0.06328125 0.059375
36 0.38046875 0.61015625 0.0578125 0.0578125
36 0.66796875 0.73046875 0.05078125 0.06171875
36 0.38828125 0.25390625 0.025 0.040625
36 0.4828125 0.246875 0.025 0.05234375
36 0.36015625 0.73046875 0.04609375 0.06015625
36 0.56171875 0.36484375 0.02421875 0.0578125
36 0.64375 0.1328125 0.05703125 0.040625
36 0.27265625 0.609375 0.04140625 0.05625
36 0.478125 0.48984375 0.040625 0.05703125
36 0.71171875 0.13203125 0.0359375 0.04296875
36 0.29296875 0.48984375 0.0359375 0.0578125
36 0.57890625 0.13671875 0.03671875 0.05625
36 0.52578125 0.13671875 0.0359375 0.05625
36 0.22734375 0.490625 0.0484375 0.05859375
36 0.3515625 0.4890625 0.0359375 0.0546875
36 0.64765625 0.8515625 0.04375 0.0546875
36 0.39921875 0.3765625 0.03671875 0.0421875
36 0.2890625 0.85234375 0.02578125 0.0546875
36 0.4625 0.1328125 0.03828125 0.04140625
36 0.68359375 0.24375 0.0171875 0.05703125
36 0.5984375 0.48828125 0.02265625 0.05703125
36 0.70703125 0.853125 0.0375 0.0578125
36 0.71796875 0.253125 0.015625 0.0703125
36 0.77109375 0.49453125 0.053125 0.071875
36 0.28046875 0.1203125 0.01328125 0.0578125
36 0.53125 0.85234375 0.03828125 0.059375