36 0.32265625 0.36796875 0.03359375 0.05859375
36 0.37109375 0.2625 0.0375 0.0609375
36 0.878125 0.25390625 0.0390625 0.04375
36 0.871875 0.73203125 0.03984375 0.06015625
36 0.57421875 0.36875 0.0375 0.059375
36 0.5109375 0.37578125 0.03671875 0.04453125
36 0.51953125 0.61015625 0.04453125 0.059375
36 0.85703125 0.609375 0.0421875 0.059375
36 0.30625 0.6109375 0.05625 0.0625
36 0.38046875 0.609375 0.0390625 0.059375
36 0.41875 0.48828125 0.03984375 0.059375
36 0.2015625 0.37578125 0.03671875 0.04453125
36 0.69140625 0.73125 0.040625 0.06015625
36 0.73515625 0.61015625 0.046875 0.05859375
36 0.3046875 0.2515625 0.0390625 0.04375
36 0.24296875 0.2515625 0.03515625 0.04375
36 0.759375 0.37421875 0.0390625 0.04453125
36 0.696875 0.36875 0.03828125 0.06015625
36 0.80390625 0.4890625 0.04375 0.0578125
36 0.23125 0.61015625 0.046875 0.059375
36 0.43203125 0.26171875 0.03828125 0.059375
36 0.4859375 0.4890625 0.053125 0.06015625
36 0.634375 0.37421875 0.03828125 0.04453125
36 0.34921875 0.48828125 0.04921875 0.0609375
36 0.56640625 0.2546875 0.03515625 0.04453125
36 0.50234375 0.25390625 0.0609375 0.04296875
36 0.16015625 0.4890625 0.05 0.06015625
36 0.1703125 0.25390625 0.06328125 0.04375
36 0.6265625 0.73046875 0.040625 0.06015625
36 0.58984375 0.6109375 0.06171875 0.06015625
36 0.22890625 0.4890625 0.0390625 0.059375
36 0.62265625 0.26171875 0.03984375 0.05859375
36 0.85390625 0.37578125 0.0359375 0.04453125
36 0.15234375 0.6109375 0.0546875 0.059375
36 0.7234375 0.4890625 0.05625 0.0609375
36 0.14609375 0.37421875 0.03984375 0.04375
36 0.325 0.73125 0.03984375 0.059375
36 0.45625 0.36875 0.03203125 0.059375
36 0.44921875 0.6171875 0.0546875 0.075
36 0.75078125 0.73203125 0.04140625 0.05546875
36 0.675 0.61015625 0.046875 0.059375
36 0.2015625 0.73046875 0.053125 0.05859375
36 0.565625 0.73046875 0.040625 0.05234375
36 0.6015625 0.48984375 0.0390625 0.05859375
36 0.7984375 0.61171875 0.0421875 0.06328125
36 0.77578125 0.25390625 0.03671875 0.0453125
36 0.67578125 0.2515625 0.0328125 0.04296875
36 0.2625 0.38203125 0.0390625 0.0625
36 0.40546875 0.36953125 0.01953125 0.0578125
36 0.8546875 0.4875 0.01328125 0.05703125
36 0.54453125 0.4875 0.0234375 0.0578125
36 0.7265625 0.25390625 0.0234375 0.04140625
36 0.50625 0.73125 0.0390625 0.0609375
36 0.28984375 0.48828125 0.03828125 0.05859375
36 0.8125 0.73125 0.03828125 0.0609375
36 0.8109375 0.36796875 0.02734375 0.0578125
36 0.6625 0.4890625 0.0375 0.05703125
36 0.265625 0.7296875 0.04140625 0.0546875
36 0.36640625 0.3734375 0.0203125 0.071875
36 0.38203125 0.73203125 0.02734375 0.0546875
36 0.6109375 0.61015625 0.04921875 0.05859375
36 0.44609375 0.73125 0.03828125 0.0578125
36 0.825 0.24921875 0.0265625 0.0484375