36 0.51640625 0.73046875 0.03359375 0.0515625
36 0.8015625 0.24609375 0.0296875 0.05234375
36 0.515625 0.609375 0.034375 0.0515625
36 0.39375 0.13359375 0.03125 0.0359375
36 0.659375 0.61171875 0.03359375 0.05859375
36 0.27109375 0.609375 0.0328125 0.05234375
36 0.2015625 0.61015625 0.0359375 0.053125
36 0.33984375 0.73125 0.0328125 0.0515625
36 0.72734375 0.25234375 0.02890625 0.03515625
36 0.48359375 0.36796875 0.03046875 0.053125
36 0.60625 0.85 0.03203125 0.053125
36 0.27109375 0.73046875 0.03203125 0.0515625
36 0.65859375 0.73046875 0.03046875 0.05078125
36 0.21640625 0.48984375 0.034375 0.05234375
36 0.78046875 0.48984375 0.0359375 0.05234375
36 0.5375 0.13671875 0.0328125 0.04765625
36 0.72734375 0.609375 0.03359375 0.053125
36 0.76484375 0.36796875 0.0328125 0.0515625
36 0.8171875 0.8515625 0.03125 0.05390625
36 0.30390625 0.2546875 0.034375 0.0359375
36 0.23515625 0.375 0.0296875 0.03515625
36 0.340625 0.6109375 0.03359375 0.053125
36 0.35625 0.48984375 0.034375 0.05234375
36 0.5859375 0.2546875 0.0328125 0.0359375
36 0.6765625 0.85078125 0.03046875 0.05234375
36 0.46171875 0.13671875 0.03359375 0.046875
36 0.659375 0.24453125 0.03125 0.05234375
36 0.56953125 0.48671875 0.02578125 0.05390625
36 0.2546875 0.13203125 0.03515625 0.03515625
36 0.46171875 0.8515625 0.03125 0.05078125
36 0.796875 0.61015625 0.03125 0.05390625
36 0.4296875 0.48984375 0.03515625 0.05234375
36 0.496875 0.4890625 0.02734375 0.0515625
36 0.18125 0.85078125 0.03125 0.05234375
36 0.71171875 0.490625 0.034375 0.05234375
36 0.2875 0.490625 0.034375 0.0546875
36 0.48828125 0.4859375 0.01796875 0.0515625
36 0.58828125 0.73046875 0.03359375 0.0515625
36 0.5046875 0.4890625 0.02265625 0.05078125