36 0.38984375 0.2484375 0.03359375 0.0578125
36 0.58984375 0.24453125 0.02265625 0.059375
36 0.3234375 0.25546875 0.04765625 0.04375
36 0.22734375 0.378125 0.04296875 0.04296875
36 0.52890625 0.2484375 0.04921875 0.0515625
36 0.48828125 0.73359375 0.05703125 0.05546875
36 0.3546875 0.3765625 0.0484375 0.04296875
36 0.28984375 0.371875 0.034375 0.053125
36 0.5328125 0.3765625 0.0484375 0.04140625
36 0.56953125 0.73359375 0.06328125 0.05546875
36 0.79375 0.6125 0.053125 0.05625
36 0.76484375 0.24609375 0.02265625 0.0578125
36 0.56953125 0.49140625 0.04609375 0.0546875
36 0.71171875 0.61640625 0.06015625 0.06484375
36 0.21953125 0.12265625 0.0234375 0.05703125
36 0.43046875 0.37734375 0.0453125 0.0390625
36 0.52890625 0.6125 0.0546875 0.05546875
36 0.7546875 0.73359375 0.065625 0.05546875
36 0.453125 0.2625 0.04921875 0.05859375
36 0.3796875 0.61171875 0.05859375 0.05625
36 0.27578125 0.50546875 0.0515625 0.0578125
36 0.27890625 0.134375 0.03984375 0.03984375
36 0.409375 0.73359375 0.06015625 0.05625
36 0.459375 0.85390625 0.053125 0.0578125
36 0.30859375 0.8546875 0.04765625 0.06015625
36 0.828125 0.378125 0.0515625 0.0421875
36 0.315625 0.13359375 0.03125 0.0421875
36 0.38203125 0.13046875 0.0484375 0.0421875
36 0.646875 0.4921875 0.04453125 0.05390625
36 0.68046875 0.38359375 0.05078125 0.0578125
36 0.3265625 0.734375 0.05390625 0.05234375
36 0.45234375 0.6125 0.04296875 0.05859375
36 0.70703125 0.2484375 0.04609375 0.05703125
36 0.45546875 0.13203125 0.05078125 0.0453125
36 0.3 0.61171875 0.04375 0.0578125
36 0.60625 0.13828125 0.05 0.05546875
36 0.625 0.61171875 0.0546875 0.05625
36 0.1671875 0.3765625 0.03671875 0.04140625
36 0.6890625 0.85546875 0.05078125 0.059375
36 0.234375 0.6125 0.03984375 0.05546875
36 0.16015625 0.6125 0.05390625 0.05546875
36 0.49609375 0.496875 0.053125 0.0671875
36 0.11328125 0.496875 0.0546875 0.0421875
36 0.75625 0.3828125 0.04921875 0.0578125
36 0.67734375 0.134375 0.04765625 0.04375
36 0.67265625 0.73359375 0.059375 0.05625
36 0.253125 0.73359375 0.0515625 0.05625
36 0.640625 0.25078125 0.02890625 0.07265625
36 0.1375 0.4984375 0.0453125 0.0421875
36 0.61171875 0.859375 0.0515625 0.06875
36 0.5328125 0.1375 0.05 0.05703125
36 0.840625 0.85625 0.05078125 0.06015625
36 0.60625 0.378125 0.05078125 0.04375
36 0.465625 0.37578125 0.02578125 0.03984375
36 0.83046875 0.734375 0.05 0.0546875
36 0.72109375 0.49375 0.05625 0.0625
36 0.5453125 0.61171875 0.0453125 0.05546875
36 0.171875 0.61171875 0.0265625 0.05625
36 0.54140625 0.85703125 0.0515625 0.059375
36 0.59140625 0.73359375 0.06328125 0.0546875
36 0.203125 0.49765625 0.053125 0.0421875
36 0.87734375 0.62265625 0.0609375 0.078125
36 0.6921875 0.246875 0.02734375 0.0578125
36 0.1609375 0.859375 0.05 0.06640625