36 0.81796875 0.5953125 0.03203125 0.05
36 0.4625 0.8078125 0.03203125 0.05078125
36 0.87265625 0.24765625 0.02734375 0.04921875
36 0.21796875 0.471875 0.02890625 0.04921875
36 0.60546875 0.7015625 0.03359375 0.05078125
36 0.6765625 0.5953125 0.03359375 0.05
36 0.81875 0.70234375 0.03203125 0.05078125
36 0.15 0.134375 0.034375 0.03359375
36 0.5 0.48203125 0.0359375 0.034375
36 0.67421875 0.70234375 0.0359375 0.05234375
36 0.60546875 0.36875 0.03125 0.05
36 0.67734375 0.8078125 0.03125 0.0484375
36 0.4640625 0.70234375 0.03125 0.05
36 0.39296875 0.5953125 0.03203125 0.0515625
36 0.8859375 0.59453125 0.0328125 0.05078125
36 0.39375 0.3765625 0.03046875 0.03203125
36 0.746875 0.3671875 0.0296875 0.04921875
36 0.128125 0.24453125 0.03046875 0.04921875
36 0.446875 0.25546875 0.03515625 0.034375
36 0.5359375 0.375 0.02890625 0.03359375
36 0.78203125 0.47109375 0.03046875 0.0515625
36 0.8171875 0.375 0.03125 0.03359375
36 0.21796875 0.134375 0.028125 0.0328125
36 0.32265625 0.59453125 0.03203125 0.0484375
36 0.74453125 0.70234375 0.03125 0.0515625
36 0.2546875 0.59609375 0.03046875 0.0515625
36 0.56875 0.48203125 0.03046875 0.034375
36 0.32421875 0.36875 0.0296875 0.0484375
36 0.325 0.703125 0.03203125 0.05
36 0.18125 0.59609375 0.03203125 0.05
36 0.43046875 0.471875 0.02890625 0.04921875
36 0.7984375 0.25546875 0.03203125 0.034375
36 0.39375 0.7015625 0.0296875 0.0515625
36 0.51640625 0.253125 0.0296875 0.03359375
36 0.2484375 0.80390625 0.01796875 0.05
36 0.78125 0.13515625 0.03046875 0.034375
36 0.4640625 0.59375 0.02734375 0.0484375
36 0.27265625 0.24296875 0.02578125 0.05
36 0.8171875 0.8109375 0.0328125 0.05625
36 0.60625 0.80625 0.03359375 0.0515625
36 0.728125 0.2453125 0.03125 0.0484375