36 0.225 0.43984375 0.025 0.065625
36 0.57578125 0.22265625 0.0421875 0.0484375
36 0.32109375 0.68359375 0.05 0.0640625
36 0.3734375 0.565625 0.05625 0.06875
36 0.55390625 0.4421875 0.046875 0.06796875
36 0.29453125 0.5625 0.05234375 0.06328125
36 0.703125 0.6828125 0.05625 0.0640625
36 0.2375 0.221875 0.04921875 0.046875
36 0.4515625 0.22890625 0.0484375 0.0640625
36 0.696875 0.44140625 0.046875 0.065625
36 0.51796875 0.221875 0.03671875 0.046875
36 0.63828125 0.21640625 0.03515625 0.06328125
36 0.08046875 0.21171875 0.02421875 0.065625
36 0.2484375 0.33671875 0.05 0.06171875
36 0.66015625 0.3296875 0.046875 0.0484375
36 0.546875 0.68359375 0.0640625 0.06328125
36 0.16953125 0.43984375 0.0453125 0.06640625
36 0.08984375 0.5640625 0.03671875 0.0671875
36 0.5125 0.56328125 0.05546875 0.0671875
36 0.46171875 0.68359375 0.05546875 0.06640625
36 0.721875 0.3171875 0.0328125 0.06953125
36 0.328125 0.43984375 0.02734375 0.06640625
36 0.58359375 0.56328125 0.0453125 0.065625
36 0.0953125 0.4578125 0.04921875 0.06640625
36 0.77109375 0.22265625 0.053125 0.0484375
36 0.7015625 0.22265625 0.04765625 0.04921875
36 0.62578125 0.44140625 0.05078125 0.06640625
36 0.53203125 0.80546875 0.05078125 0.071875
36 0.13125 0.22265625 0.02421875 0.04296875
36 0.2203125 0.5625 0.053125 0.0640625
36 0.3875 0.6828125 0.05078125 0.06171875
36 0.103125 0.32890625 0.06484375 0.0453125
36 0.4453125 0.5625 0.04375 0.0625
36 0.52109375 0.328125 0.04140625 0.04765625
36 0.15 0.5640625 0.0375 0.06640625
36 0.65703125 0.5625 0.059375 0.06171875
36 0.27578125 0.4484375 0.03203125 0.08359375
36 0.60625 0.80859375 0.05234375 0.0625
36 0.7703125 0.44140625 0.05234375 0.06484375
36 0.18046875 0.32890625 0.04921875 0.046875
36 0.1734375 0.221875 0.03046875 0.04765625
36 0.0984375 0.80703125 0.05546875 0.07265625
36 0.09921875 0.69375 0.05703125 0.084375
36 0.38828125 0.80625 0.06171875 0.0671875
36 0.159375 0.2234375 0.0265625 0.04296875
36 0.38671875 0.328125 0.04765625 0.0453125
36 0.25078125 0.684375 0.05 0.06640625
36 0.74296875 0.5625 0.0515625 0.0609375
36 0.240625 0.80390625 0.0484375 0.0671875
36 0.30703125 0.2234375 0.05078125 0.0484375
36 0.74765625 0.80625 0.0546875 0.06953125
36 0.62890625 0.68203125 0.05546875 0.065625