36 0.25625 0.365625 0.0328125 0.05703125
36 0.51875 0.61015625 0.046875 0.05859375
36 0.74453125 0.365625 0.03359375 0.05546875
36 0.7296875 0.85078125 0.03203125 0.059375
36 0.59453125 0.13125 0.03515625 0.040625
36 0.521875 0.13671875 0.03515625 0.05234375
36 0.57890625 0.609375 0.03828125 0.05625
36 0.81796875 0.25 0.03203125 0.040625
36 0.4625 0.3625 0.03203125 0.05625
36 0.38203125 0.609375 0.0625 0.05625
36 0.778125 0.60859375 0.06171875 0.05390625
36 0.70390625 0.609375 0.040625 0.05625
36 0.5375 0.37265625 0.0328125 0.0390625
36 0.3828125 0.13125 0.034375 0.03984375
36 0.2375 0.4890625 0.04765625 0.05703125
36 0.453125 0.609375 0.0484375 0.05625
36 0.46875 0.4875 0.04453125 0.0578125
36 0.65234375 0.48828125 0.0234375 0.05546875
36 0.271875 0.61015625 0.02578125 0.05625
36 0.64375 0.6140625 0.0484375 0.06640625
36 0.596875 0.48828125 0.04609375 0.0578125
36 0.353125 0.73046875 0.04453125 0.05546875
36 0.4515625 0.134375 0.03515625 0.05234375
36 0.60546875 0.25 0.03125 0.040625
36 0.65390625 0.7296875 0.04453125 0.05625
36 0.471875 0.73125 0.0453125 0.05703125
36 0.26953125 0.85078125 0.0328125 0.05703125
36 0.84921875 0.61015625 0.046875 0.05625
36 0.29765625 0.4890625 0.040625 0.05625
36 0.6265625 0.8515625 0.03203125 0.05703125
36 0.21875 0.609375 0.05 0.05625
36 0.41875 0.73046875 0.03046875 0.06015625
36 0.47109375 0.85078125 0.034375 0.0578125
36 0.70703125 0.4890625 0.04765625 0.05703125
36 0.2390625 0.128125 0.0359375 0.03984375
36 0.32578125 0.25 0.03203125 0.03984375
36 0.5359375 0.25234375 0.03359375 0.03828125
36 0.7328125 0.13359375 0.03203125 0.05078125
36 0.7171875 0.7296875 0.03984375 0.05625
36 0.53671875 0.4875 0.040625 0.05625
36 0.83046875 0.48828125 0.04765625 0.0578125
36 0.7671875 0.48828125 0.0453125 0.05703125
36 0.39375 0.24453125 0.03125 0.05234375
36 0.67890625 0.84921875 0.028125 0.05859375
36 0.57578125 0.84921875 0.0328125 0.05859375