36 0.79765625 0.7859375 0.03984375 0.0640625
36 0.5 0.29921875 0.04453125 0.0625
36 0.28828125 0.54375 0.0359375 0.06640625
36 0.21953125 0.559375 0.040625 0.06640625
36 0.58125 0.1796875 0.04765625 0.06875
36 0.8390625 0.43203125 0.04140625 0.05
36 0.20078125 0.78671875 0.04140625 0.06484375
36 0.8265625 0.56015625 0.04140625 0.065625
36 0.5765625 0.43046875 0.0375 0.05
36 0.76328125 0.56015625 0.03984375 0.06484375
36 0.37734375 0.17890625 0.0453125 0.06484375
36 0.32578125 0.671875 0.0375 0.05
36 0.42578125 0.3 0.0515625 0.065625
36 0.6484375 0.3 0.046875 0.0640625
36 0.6609375 0.17890625 0.0484375 0.0625
36 0.7734375 0.4234375 0.0390625 0.06796875
36 0.646875 0.42265625 0.0390625 0.0671875
36 0.6265625 0.55234375 0.0375 0.04765625
36 0.71796875 0.29921875 0.0484375 0.06328125
36 0.7109375 0.43203125 0.040625 0.0484375
36 0.571875 0.30546875 0.05 0.07578125
36 0.4375 0.67265625 0.0375 0.04921875
36 0.50078125 0.671875 0.040625 0.04921875
36 0.696875 0.553125 0.04140625 0.05234375
36 0.7859375 0.2984375 0.05 0.0640625
36 0.8515625 0.29921875 0.04765625 0.06328125
36 0.26171875 0.29921875 0.06484375 0.0625
36 0.3453125 0.3 0.05 0.06328125
36 0.43515625 0.54375 0.034375 0.06640625
36 0.44140625 0.425 0.0515625 0.06328125
36 0.15625 0.178125 0.05078125 0.065625
36 0.203125 0.425 0.053125 0.06328125
36 0.60078125 0.7953125 0.040625 0.04609375
36 0.2875 0.425 0.0734375 0.0640625
36 0.37265625 0.425 0.04921875 0.06484375
36 0.5703125 0.671875 0.0625 0.04765625
36 0.2984375 0.1796875 0.05 0.06328125
36 0.45859375 0.78515625 0.0359375 0.06015625
36 0.7328125 0.78671875 0.040625 0.065625
36 0.5484375 0.5515625 0.06015625 0.046875
36 0.4484375 0.1796875 0.0390625 0.0640625
36 0.64453125 0.67265625 0.0390625 0.0484375
36 0.228125 0.17890625 0.04375 0.065625
36 0.84609375 0.17890625 0.0484375 0.06484375
36 0.70390625 0.68046875 0.040625 0.06796875
36 0.3984375 0.7890625 0.03984375 0.06796875
36 0.66796875 0.7859375 0.046875 0.06171875
36 0.2734375 0.67265625 0.025 0.046875
36 0.16484375 0.54375 0.0296875 0.0671875
36 0.26328125 0.7875 0.0265625 0.0609375
36 0.4828125 0.54296875 0.01171875 0.0671875
36 0.51015625 0.42421875 0.0484375 0.06171875
36 0.72109375 0.178125 0.0109375 0.06328125
36 0.38203125 0.66796875 0.025 0.0609375
36 0.51484375 0.1796875 0.04296875 0.0625
36 0.53671875 0.78671875 0.03984375 0.065625
36 0.77265625 0.17890625 0.0453125 0.065625
36 0.76328125 0.67265625 0.03828125 0.0453125
36 0.33359375 0.7890625 0.04453125 0.06875