36 0.22265625 0.55625 0.053125 0.05546875
36 0.453125 0.6609375 0.06328125 0.05390625
36 0.35234375 0.24296875 0.0515625 0.03984375
36 0.51953125 0.12265625 0.0421875 0.04609375
36 0.3921875 0.35078125 0.053125 0.03984375
36 0.33046875 0.55546875 0.04609375 0.05390625
36 0.15234375 0.12265625 0.03515625 0.04296875
36 0.77421875 0.55546875 0.04609375 0.05390625
36 0.5765625 0.3578125 0.03671875 0.05625
36 0.7625 0.34375 0.04921875 0.05546875
36 0.1421875 0.6609375 0.04453125 0.0546875
36 0.6671875 0.6625 0.046875 0.05546875
36 0.42578125 0.11875 0.04453125 0.059375
36 0.6265625 0.44921875 0.0421875 0.0546875
36 0.565625 0.6625 0.04765625 0.05625
36 0.59375 0.7828125 0.03671875 0.05703125
36 0.29609375 0.35 0.03515625 0.03828125
36 0.34375 0.6609375 0.05 0.05703125
36 0.45546875 0.24609375 0.03359375 0.03984375
36 0.40390625 0.7796875 0.0359375 0.0515625
36 0.66640625 0.55703125 0.053125 0.05859375
36 0.89296875 0.44921875 0.0484375 0.05703125
36 0.12265625 0.34453125 0.02109375 0.04921875
36 0.471875 0.6609375 0.03984375 0.0546875
36 0.240625 0.1171875 0.04375 0.06171875