36 0.415625 0.25859375 0.0421875 0.05
36 0.503125 0.3796875 0.0484375 0.0484375
36 0.48203125 0.61328125 0.053125 0.06484375
36 0.5375 0.25859375 0.0484375 0.04765625
36 0.24296875 0.734375 0.0640625 0.065625
36 0.54375 0.49296875 0.04765625 0.0671875
36 0.228125 0.37890625 0.0453125 0.04921875
36 0.60625 0.25859375 0.05546875 0.04609375
36 0.675 0.25859375 0.0484375 0.0484375
36 0.225 0.26640625 0.05546875 0.065625
36 0.565625 0.3671875 0.03359375 0.0703125
36 0.38125 0.1328125 0.0484375 0.046875
36 0.73203125 0.24453125 0.025 0.06953125
36 0.40234375 0.73359375 0.06171875 0.06640625
36 0.3171875 0.13359375 0.03125 0.0484375
36 0.55859375 0.61328125 0.06015625 0.06640625
36 0.396875 0.61328125 0.0640625 0.06484375
36 0.66328125 0.13359375 0.04375 0.046875
36 0.45234375 0.134375 0.0546875 0.04921875
36 0.353125 0.2578125 0.03828125 0.04609375
36 0.434375 0.3703125 0.05078125 0.06953125
36 0.68203125 0.4921875 0.06171875 0.0671875
36 0.36796875 0.3796875 0.04296875 0.0484375
36 0.2765625 0.13515625 0.03359375 0.04765625
36 0.68984375 0.134375 0.04921875 0.0484375
36 0.25234375 0.61328125 0.05625 0.06484375
36 0.69375 0.73515625 0.053125 0.06875
36 0.6859375 0.365625 0.02890625 0.0671875
36 0.47265625 0.73515625 0.05078125 0.07109375
36 0.52578125 0.25546875 0.03125 0.046875
36 0.21796875 0.12421875 0.03671875 0.06640625
36 0.32109375 0.6140625 0.0421875 0.06640625