36 0.48984375 0.3828125 0.040625 0.06796875
36 0.27578125 0.24296875 0.03828125 0.06796875
36 0.35390625 0.37421875 0.0375 0.0484375
36 0.65234375 0.2421875 0.0359375 0.06640625
36 0.5796875 0.26171875 0.03984375 0.065625
36 0.85234375 0.85078125 0.0390625 0.06484375
36 0.675 0.4890625 0.0453125 0.06328125
36 0.33828125 0.25078125 0.040625 0.04921875
36 0.4015625 0.24140625 0.03828125 0.06953125
36 0.20859375 0.25078125 0.03828125 0.0515625
36 0.3 0.73046875 0.04296875 0.06484375
36 0.66875 0.37421875 0.0375 0.05
36 0.77890625 0.375 0.03828125 0.04921875
36 0.5296875 0.48828125 0.04296875 0.06328125
36 0.42265625 0.375 0.04296875 0.05
36 0.46796875 0.25390625 0.040625 0.05078125
36 0.825 0.60859375 0.04609375 0.0625
36 0.59921875 0.4890625 0.05 0.06484375
36 0.659375 0.73046875 0.0578125 0.06484375
36 0.37265625 0.7296875 0.0453125 0.0671875
36 0.55390625 0.3828125 0.0390625 0.0671875
36 0.27734375 0.37421875 0.06484375 0.0484375
36 0.25546875 0.61015625 0.046875 0.0625
36 0.16171875 0.365625 0.0375 0.06640625
36 0.65703125 0.85078125 0.03984375 0.06328125
36 0.57890625 0.7296875 0.0546875 0.0671875
36 0.61484375 0.3703125 0.0234375 0.04453125
36 0.5171875 0.84921875 0.0375 0.06328125
36 0.3875 0.85 0.0421875 0.0625
36 0.746875 0.48828125 0.040625 0.0640625
36 0.74765625 0.61015625 0.05234375 0.06640625
36 0.175 0.61015625 0.05 0.06875
36 0.84140625 0.375 0.0390625 0.04921875
36 0.45390625 0.48828125 0.05234375 0.0640625
36 0.67265625 0.61015625 0.0515625 0.0625
36 0.7203125 0.85 0.04609375 0.0625
36 0.26796875 0.49609375 0.03984375 0.04765625
36 0.7859375 0.85078125 0.03984375 0.06484375
36 0.38671875 0.4953125 0.0390625 0.046875
36 0.2265625 0.73359375 0.05234375 0.075
36 0.2578125 0.853125 0.040625 0.0671875
36 0.3265625 0.50390625 0.04140625 0.06640625
36 0.58203125 0.609375 0.0640625 0.06328125
36 0.8171875 0.73046875 0.0515625 0.06484375
36 0.44296875 0.609375 0.0484375 0.065625
36 0.7453125 0.73125 0.0484375 0.065625
36 0.19375 0.49609375 0.06328125 0.0484375
36 0.59140625 0.8515625 0.03984375 0.0671875
36 0.31875 0.85078125 0.02734375 0.0625
36 0.52890625 0.24140625 0.02890625 0.06640625
36 0.43828125 0.7296875 0.0453125 0.0625
36 0.81484375 0.48828125 0.04140625 0.0625
36 0.50703125 0.7296875 0.046875 0.065625
36 0.21015625 0.36484375 0.01015625 0.06484375
36 0.31953125 0.6078125 0.01484375 0.06171875
36 0.721875 0.36953125 0.02421875 0.06015625
36 0.18359375 0.85078125 0.05 0.0625