36 0.76171875 0.81953125 0.0421875 0.05546875
36 0.6421875 0.81953125 0.04140625 0.05546875
36 0.5203125 0.6984375 0.05 0.05546875
36 0.30078125 0.46015625 0.040625 0.04140625
36 0.18125 0.5734375 0.05 0.05859375
36 0.81484375 0.5734375 0.059375 0.0578125
36 0.41015625 0.21640625 0.040625 0.04140625
36 0.29140625 0.6984375 0.05859375 0.05546875
36 0.18515625 0.459375 0.03828125 0.040625
36 0.46875 0.22578125 0.046875 0.05859375
36 0.7015625 0.81953125 0.03984375 0.05546875
36 0.646875 0.6984375 0.05078125 0.05625
36 0.35625 0.45234375 0.03359375 0.05703125
36 0.78671875 0.6984375 0.0515625 0.05546875
36 0.7390625 0.453125 0.04765625 0.0546875
36 0.80859375 0.453125 0.0515625 0.0546875
36 0.72109375 0.33984375 0.03828125 0.04140625
36 0.4625 0.3390625 0.03828125 0.03984375
36 0.51796875 0.3390625 0.03828125 0.040625
36 0.85078125 0.69765625 0.04609375 0.05546875
36 0.53671875 0.453125 0.0578125 0.0546875
36 0.4734375 0.45703125 0.02578125 0.04296875
36 0.77890625 0.33671875 0.04609375 0.0453125
36 0.36328125 0.6984375 0.06484375 0.05625
36 0.24375 0.5734375 0.0390625 0.05625
36 0.5953125 0.5734375 0.0296875 0.05703125
36 0.53515625 0.22578125 0.04375 0.059375
36 0.3 0.33984375 0.0328125 0.0421875
36 0.7375 0.57421875 0.05703125 0.05703125
36 0.5828125 0.6984375 0.0390625 0.05546875
36 0.2421875 0.45234375 0.0453125 0.05703125
36 0.45625 0.4515625 0.02734375 0.05625
36 0.34296875 0.2171875 0.034375 0.03984375
36 0.671875 0.21953125 0.04140625 0.04140625
36 0.60625 0.453125 0.05 0.0546875
36 0.6734375 0.453125 0.04765625 0.0546875
36 0.2453125 0.21796875 0.02265625 0.0390625
36 0.5234375 0.81796875 0.0375 0.06015625
36 0.58046875 0.81875 0.04296875 0.05703125
36 0.4546875 0.6984375 0.05234375 0.05625
36 0.53203125 0.5734375 0.059375 0.05546875
36 0.28203125 0.2171875 0.05078125 0.040625
36 0.72890625 0.22578125 0.040625 0.0578125
36 0.240625 0.81953125 0.0484375 0.05625
36 0.59609375 0.21796875 0.04921875 0.03984375
36 0.4078125 0.821875 0.040625 0.0609375
36 0.678125 0.57421875 0.03359375 0.05625
36 0.66015625 0.57421875 0.0703125 0.05625
36 0.403125 0.33828125 0.04609375 0.03984375
36 0.71875 0.69921875 0.05859375 0.05703125
36 0.35078125 0.33515625 0.028125 0.04921875
36 0.209375 0.21015625 0.01953125 0.05546875
36 0.1453125 0.69453125 0.05078125 0.05546875
36 0.4609375 0.81953125 0.03671875 0.053125
36 0.21640625 0.7078125 0.06328125 0.0765625
36 0.40234375 0.46796875 0.0390625 0.05625
36 0.45234375 0.57421875 0.05625 0.05859375
36 0.31171875 0.5734375 0.05078125 0.05625
36 0.2921875 0.81875 0.0265625 0.053125
36 0.384375 0.5734375 0.0546875 0.05546875
36 0.63359375 0.33203125 0.01953125 0.05625
36 0.78359375 0.21875 0.03828125 0.03984375