36 0.76328125 0.30703125 0.0375 0.04765625
36 0.2171875 0.18046875 0.0390625 0.065625
36 0.84453125 0.78671875 0.0421875 0.0640625
36 0.41796875 0.3 0.0375 0.0640625
36 0.66953125 0.1953125 0.03828125 0.06640625
36 0.4203125 0.18828125 0.0421875 0.05
36 0.34375 0.31953125 0.03984375 0.06796875
36 0.34609375 0.18046875 0.0375 0.0671875
36 0.7359375 0.1953125 0.0390625 0.06484375
36 0.6 0.1890625 0.04296875 0.04921875
36 0.24609375 0.546875 0.05 0.06328125
36 0.63984375 0.7859375 0.04296875 0.065625
36 0.83125 0.3078125 0.04375 0.04921875
36 0.14921875 0.18828125 0.04140625 0.05
36 0.3078125 0.440625 0.04140625 0.06328125
36 0.67578125 0.42578125 0.05546875 0.06328125
36 0.51484375 0.425 0.046875 0.0625
36 0.853125 0.18828125 0.0375 0.05
36 0.6828125 0.3078125 0.0609375 0.0484375
36 0.284375 0.18828125 0.040625 0.04921875
36 0.53359375 0.18828125 0.0375 0.04765625
36 0.56484375 0.3015625 0.0359375 0.0640625
36 0.49765625 0.78671875 0.0375 0.0640625
36 0.3421875 0.66640625 0.04921875 0.065625
36 0.2265625 0.78828125 0.0421875 0.065625
36 0.59453125 0.42890625 0.05546875 0.07265625
36 0.653125 0.66640625 0.06015625 0.06640625
36 0.4421875 0.4265625 0.053125 0.0640625
36 0.58515625 0.54609375 0.0609375 0.0640625
36 0.67265625 0.546875 0.053125 0.06328125
36 0.76015625 0.546875 0.06015625 0.06796875
36 0.70859375 0.78671875 0.04375 0.0625
36 0.28046875 0.30859375 0.04140625 0.04765625
36 0.84140625 0.54609375 0.05 0.0640625
36 0.21328125 0.30859375 0.03828125 0.04921875
36 0.57109375 0.6671875 0.059375 0.065625
36 0.171875 0.43203125 0.05859375 0.04609375
36 0.80078125 0.1890625 0.0265625 0.04765625
36 0.2453125 0.4328125 0.04140625 0.046875
36 0.77578125 0.78828125 0.040625 0.065625
36 0.29140625 0.7875 0.02734375 0.0640625
36 0.36328125 0.54609375 0.04140625 0.06484375
36 0.4171875 0.66640625 0.05 0.06328125
36 0.5703125 0.7890625 0.04296875 0.0671875
36 0.17890625 0.66796875 0.0625 0.06875
36 0.478125 0.1796875 0.02578125 0.0625
36 0.7484375 0.6671875 0.0546875 0.06640625
36 0.36484375 0.7875 0.04296875 0.06484375
36 0.8265625 0.66640625 0.05703125 0.0640625
36 0.2640625 0.6671875 0.0546875 0.0640625
36 0.3734375 0.4328125 0.04140625 0.04453125
36 0.1640625 0.546875 0.0578125 0.0671875
36 0.67578125 0.66640625 0.04609375 0.065625
36 0.44296875 0.546875 0.0484375 0.06640625
36 0.61640625 0.29921875 0.01328125 0.0609375
36 0.15625 0.7875 0.05390625 0.0640625
36 0.5109375 0.5453125 0.03984375 0.06328125