36 0.32421875 0.346875 0.0328125 0.05703125
36 0.47109375 0.4859375 0.04140625 0.0578125
36 0.746875 0.22734375 0.03125 0.05703125
36 0.2890625 0.48515625 0.04140625 0.05625
36 0.59375 0.60625 0.0390625 0.05625
36 0.46328125 0.23515625 0.03203125 0.03984375
36 0.5390625 0.72578125 0.0421875 0.05703125
36 0.39296875 0.60625 0.0640625 0.05546875
36 0.534375 0.60625 0.04609375 0.05859375
36 0.346875 0.13125 0.034375 0.03984375
36 0.71484375 0.60625 0.040625 0.05625
36 0.76875 0.48515625 0.046875 0.05859375
36 0.26875 0.846875 0.0328125 0.05859375
36 0.4828125 0.72578125 0.03125 0.05859375
36 0.81796875 0.23515625 0.03359375 0.040625
36 0.7296875 0.84765625 0.03203125 0.059375
36 0.39375 0.35859375 0.0328125 0.03984375
36 0.6046875 0.34921875 0.0359375 0.05625
36 0.6 0.7265625 0.0453125 0.0578125
36 0.6265625 0.84765625 0.0328125 0.05625
36 0.53828125 0.4859375 0.0453125 0.059375
36 0.70546875 0.4859375 0.04609375 0.05625
36 0.40859375 0.48515625 0.04375 0.05703125
36 0.41875 0.134375 0.03515625 0.05078125
36 0.6546875 0.61171875 0.046875 0.06796875
36 0.42265625 0.72734375 0.0484375 0.05625
36 0.58828125 0.4859375 0.02578125 0.05703125
36 0.4640625 0.60625 0.04921875 0.05546875
36 0.20625 0.13125 0.03515625 0.040625
36 0.22890625 0.4859375 0.05 0.05703125
36 0.28203125 0.60625 0.05 0.05625
36 0.675 0.23515625 0.0328125 0.040625
36 0.33515625 0.60625 0.02578125 0.05625
36 0.471875 0.84609375 0.03515625 0.05703125
36 0.4890625 0.13671875 0.03515625 0.0515625
36 0.5578125 0.13203125 0.03359375 0.0390625
36 0.6484375 0.4859375 0.05234375 0.0578125
36 0.35234375 0.72734375 0.04921875 0.0578125
36 0.665625 0.7265625 0.0484375 0.05703125
36 0.34765625 0.4859375 0.03984375 0.05703125
36 0.39375 0.234375 0.03359375 0.0390625
36 0.67890625 0.84609375 0.02890625 0.05859375
36 0.28046875 0.7265625 0.0625 0.05546875
36 0.57578125 0.8453125 0.0328125 0.059375
36 0.6078125 0.22734375 0.03125 0.05546875
36 0.69921875 0.13359375 0.03515625 0.05
36 0.728125 0.7265625 0.0390625 0.0546875