10 0.125 0.20625 0.13515625 0.27578125
11 0.2640625 0.2046875 0.1140625 0.27890625
12 0.4046875 0.2015625 0.1203125 0.27734375
13 0.546875 0.203125 0.12890625 0.26171875
14 0.68828125 0.2 0.12421875 0.26796875
15 0.81640625 0.2 0.10546875 0.26328125
16 0.1671875 0.71015625 0.1453125 0.2765625
17 0.31953125 0.70546875 0.13671875 0.2734375
19 0.45390625 0.7078125 0.08046875 0.27265625
20 0.5703125 0.709375 0.1265625 0.2703125
21 0.7015625 0.7078125 0.10703125 0.27265625
22 0.853125 0.71171875 0.178125 0.265625