1 0.771875 0.14140625 0.0890625 0.221875
2 0.14921875 0.4828125 0.1 0.2375
3 0.24765625 0.4828125 0.0859375 0.196875
4 0.35 0.48828125 0.0984375 0.2046875
5 0.453125 0.4875 0.1125 0.2125
6 0.553125 0.48984375 0.1046875 0.21875
7 0.65625 0.49375 0.096875 0.2296875
8 0.7515625 0.49140625 0.1046875 0.240625
9 0.18125 0.821875 0.1046875 0.2078125
0 0.290625 0.8265625 0.0921875 0.2125
31 0.1265625 0.1421875 0.1265625 0.20859375
32 0.2828125 0.13203125 0.1515625 0.21171875
33 0.421875 0.14609375 0.10390625 0.2171875
34 0.5421875 0.1375 0.1078125 0.22109375
35 0.67109375 0.14921875 0.10859375 0.1984375