1 0.85546875 0.68515625 0.0921875 0.2125
23 0.134375 0.228125 0.15390625 0.2453125
25 0.2765625 0.228125 0.10703125 0.24921875
27 0.41015625 0.240625 0.14296875 0.28203125
28 0.5375 0.2390625 0.0921875 0.28515625
29 0.64609375 0.225 0.10859375 0.26328125
30 0.7734375 0.23203125 0.128125 0.24765625
31 0.184375 0.66875 0.1234375 0.2484375
32 0.3375 0.6609375 0.17265625 0.24921875
33 0.4953125 0.66328125 0.11953125 0.246875
34 0.63125 0.68671875 0.12265625 0.26953125
35 0.753125 0.6765625 0.10390625 0.28046875