1 0.878125 0.1546875 0.0921875 0.196875
2 0.121875 0.49765625 0.1078125 0.2
3 0.28203125 0.49375 0.09375 0.1890625
4 0.43203125 0.5 0.12109375 0.19609375
5 0.59765625 0.49609375 0.10234375 0.20390625
6 0.7421875 0.4953125 0.11953125 0.209375
7 0.13046875 0.8265625 0.10703125 0.21328125
8 0.275 0.82578125 0.1 0.21328125
9 0.4328125 0.82734375 0.1125 0.2125
0 0.59296875 0.825 0.12421875 0.2140625
32 0.159375 0.1546875 0.18203125 0.1953125
33 0.3625 0.153125 0.14765625 0.19921875
34 0.5421875 0.153125 0.1328125 0.19921875
35 0.7109375 0.153125 0.12578125 0.20234375